FECHA,TotalM,TotalF,Total,<=30M,<=30F,<=30,31-40M,31-40F,31-40,41-50M,41-50F,41-50,51-60M,51-60F,51-60,61-70M,61-70F,61-70,71-80M,71-80F,71-80,81-90M,81-90F,81-90,>=91M,>=91F,>=91
2020-12-29,299,476,775,44,76,120,104,144,248,93,155,248,57,99,156,1,2,3,0,0,0,0,0,0,0,0,0
2020-12-30,638,1040,1678,95,189,284,226,317,543,189,331,520,125,200,325,3,3,6,0,0,0,0,0,0,0,0,0
2020-12-31,684,1091,1775,102,192,294,240,334,574,205,352,557,134,209,343,3,4,7,0,0,0,0,0,0,0,0,0
2021-01-01,684,1091,1775,102,192,294,240,334,574,205,352,557,134,209,343,3,4,7,0,0,0,0,0,0,0,0,0
2021-01-02,837,1368,2205,116,225,341,298,443,741,255,431,686,164,264,428,4,5,9,0,0,0,0,0,0,0,0,0
2021-01-03,892,1482,2374,125,242,367,323,491,814,267,461,728,173,283,456,4,5,9,0,0,0,0,0,0,0,0,0
2021-01-04,1248,2066,3314,186,343,529,439,694,1133,370,636,1006,248,388,636,5,5,10,0,0,0,0,0,0,0,0,0
2021-01-05,1761,2880,4641,259,480,739,655,965,1620,496,883,1379,345,543,888,6,8,14,0,1,1,0,0,0,0,0,0
2021-01-06,2327,3752,6079,358,642,1000,866,1227,2093,654,1140,1794,441,733,1174,8,9,17,0,1,1,0,0,0,0,0,0
2021-01-07,2901,4766,7667,448,811,1259,1067,1575,2642,815,1442,2257,563,928,1491,8,9,17,0,1,1,0,0,0,0,0,0
2021-01-08,3571,5953,9524,569,1041,1610,1295,1980,3275,1007,1784,2791,687,1135,1822,13,12,25,0,1,1,0,0,0,0,0,0
2021-01-09,3740,6228,9968,583,1081,1664,1367,2082,3449,1059,1873,2932,718,1179,1897,13,12,25,0,1,1,0,0,0,0,0,0
2021-01-10,3949,6590,10539,616,1129,1745,1456,2235,3691,1113,1975,3088,749,1238,1987,15,12,27,0,1,1,0,0,0,0,0,0
2021-01-11,4611,7791,12402,727,1387,2114,1723,2639,4362,1290,2302,3592,854,1447,2301,17,15,32,0,1,1,0,0,0,0,0,0
2021-01-12,5206,8888,14094,824,1578,2402,1959,3027,4986,1441,2596,4037,964,1670,2634,18,16,34,0,1,1,0,0,0,0,0,0
2021-01-13,5672,9780,15452,903,1757,2660,2123,3352,5475,1570,2830,4400,1057,1824,2881,19,16,35,0,1,1,0,0,0,0,0,0
2021-01-14,6476,11204,17680,1072,2039,3111,2415,3840,6255,1790,3227,5017,1180,2080,3260,19,17,36,0,1,1,0,0,0,0,0,0
2021-01-15,7672,13432,21104,1287,2492,3779,2882,4612,7494,2098,3842,5940,1386,2465,3851,19,20,39,0,1,1,0,0,0,0,0,0
2021-01-16,8148,14293,22441,1383,2646,4029,3060,4941,8001,2218,4087,6305,1468,2598,4066,19,20,39,0,1,1,0,0,0,0,0,0
2021-01-17,8433,14840,23273,1449,2739,4188,3173,5156,8329,2290,4242,6532,1502,2682,4184,19,20,39,0,1,1,0,0,0,0,0,0
2021-01-18,8621,15159,23780,1477,2793,4270,3233,5260,8493,2347,4348,6695,1545,2737,4282,19,20,39,0,1,1,0,0,0,0,0,0
2021-01-19,8907,15631,24538,1513,2860,4373,3315,5431,8746,2442,4494,6936,1616,2824,4440,21,21,42,0,1,1,0,0,0,0,0,0
2021-01-20,9200,16136,25336,1544,2956,4500,3424,5581,9005,2531,4652,7183,1680,2923,4603,21,23,44,0,1,1,0,0,0,0,0,0
2021-01-21,9329,16323,25652,1567,2985,4552,3468,5633,9101,2565,4715,7280,1703,2964,4667,26,24,50,0,2,2,0,0,0,0,0,0
2021-01-22,9363,16372,25735,1573,2995,4568,3481,5647,9128,2577,4732,7309,1705,2971,4676,27,25,52,0,2,2,0,0,0,0,0,0
2021-01-23,9482,16575,26057,1583,3017,4600,3526,5729,9255,2616,4791,7407,1729,3011,4740,28,25,53,0,2,2,0,0,0,0,0,0
2021-01-24,9526,16664,26190,1588,3027,4615,3546,5766,9312,2627,4817,7444,1737,3027,4764,28,25,53,0,2,2,0,0,0,0,0,0
2021-01-25,9807,17124,26931,1633,3104,4737,3630,5914,9544,2707,4960,7667,1807,3118,4925,30,26,56,0,2,2,0,0,0,0,0,0
2021-01-26,10177,17770,27947,1673,3209,4882,3776,6098,9874,2812,5176,7988,1883,3255,5138,33,30,63,0,2,2,0,0,0,0,0,0
2021-01-27,10623,18434,29057,1747,3325,5072,3945,6296,10241,2929,5370,8299,1965,3410,5375,37,31,68,0,2,2,0,0,0,0,0,0
2021-01-28,11082,19242,30324,1822,3470,5292,4097,6569,10666,3057,5596,8653,2068,3574,5642,38,31,69,0,2,2,0,0,0,0,0,0
2021-01-29,11718,20307,32025,1924,3658,5582,4341,6945,11286,3239,5903,9142,2172,3764,5936,42,35,77,0,2,2,0,0,0,0,0,0
2021-01-30,11871,20569,32440,1943,3697,5640,4401,7049,11450,3284,5982,9266,2201,3804,6005,42,35,77,0,2,2,0,0,0,0,0,0
2021-01-31,11989,20794,32783,1966,3730,5696,4443,7142,11585,3316,6042,9358,2221,3843,6064,43,35,78,0,2,2,0,0,0,0,0,0
2021-02-01,12535,21737,34272,2057,3905,5962,4667,7474,12141,3466,6296,9762,2301,4021,6322,44,39,83,0,2,2,0,0,0,0,0,0
2021-02-02,13718,23743,37461,2170,4149,6319,4956,7939,12895,3672,6735,10407,2527,4483,7010,350,403,753,37,32,69,5,2,7,1,0,1
2021-02-03,14985,26053,41038,2308,4475,6783,5280,8556,13836,3925,7281,11206,2773,4957,7730,617,721,1338,73,59,132,8,4,12,1,0,1
2021-02-04,16227,28377,44604,2467,4799,7266,5639,9220,14859,4217,7847,12064,2994,5440,8434,784,971,1755,112,93,205,12,7,19,2,0,2
2021-02-05,18134,32090,50224,2747,5377,8124,6259,10390,16649,4622,8757,13379,3350,6175,9525,974,1247,2221,163,135,298,17,9,26,2,0,2
2021-02-06,18576,32896,51472,2828,5495,8323,6395,10666,17061,4738,8987,13725,3436,6330,9766,996,1273,2269,164,136,300,17,9,26,2,0,2
2021-02-07,18929,33548,52477,2882,5585,8467,6508,10903,17411,4848,9179,14027,3494,6441,9935,1012,1294,2306,166,137,303,17,9,26,2,0,2
2021-02-08,19796,35142,54938,3010,5865,8875,6786,11405,18191,5058,9606,14664,3644,6713,10357,1101,1397,2498,177,147,324,18,9,27,2,0,2
2021-02-09,20787,37068,57855,3151,6207,9358,7089,11973,19062,5285,10068,15353,3825,7116,10941,1221,1542,2763,191,153,344,23,9,32,2,0,2
2021-02-10,21323,38092,59415,3232,6371,9603,7220,12296,19516,5430,10331,15761,3933,7321,11254,1280,1604,2884,200,160,360,26,9,35,2,0,2
2021-02-11,21778,39153,60931,3303,6551,9854,7365,12641,20006,5527,10599,16126,4005,7519,11524,1337,1666,3003,212,168,380,27,9,36,2,0,2
2021-02-12,22284,40099,62383,3376,6704,10080,7531,12973,20504,5641,10875,16516,4095,7657,11752,1384,1706,3090,225,175,400,30,9,39,2,0,2
2021-02-13,22312,40143,62455,3378,6712,10090,7542,12990,20532,5647,10884,16531,4103,7666,11769,1384,1707,3091,226,175,401,30,9,39,2,0,2
2021-02-14,22318,40167,62485,3380,6719,10099,7544,12997,20541,5647,10894,16541,4105,7666,11771,1384,1707,3091,226,175,401,30,9,39,2,0,2
2021-02-15,22318,40167,62485,3380,6719,10099,7544,12997,20541,5647,10894,16541,4105,7666,11771,1384,1707,3091,226,175,401,30,9,39,2,0,2
2021-02-16,22329,40203,62532,3381,6720,10101,7552,13015,20567,5649,10907,16556,4105,7669,11774,1384,1707,3091,226,176,402,30,9,39,2,0,2
2021-02-17,23128,41707,64835,3508,6948,10456,7798,13465,21263,5820,11338,17158,4251,7956,12207,1481,1811,3292,238,180,418,30,9,39,2,0,2
2021-02-18,24976,45586,70562,3726,7488,11214,8321,14512,22833,6199,12361,18560,4614,8739,13353,1748,2197,3945,317,274,591,49,15,64,2,0,2
2021-02-19,26647,49402,76049,3921,8022,11943,8769,15628,24397,6627,13343,19970,4923,9475,14398,1959,2531,4490,382,378,760,61,25,86,5,0,5
2021-02-20,27099,50187,77286,3966,8105,12071,8905,15900,24805,6739,13536,20275,5011,9625,14636,2012,2613,4625,399,383,782,62,25,87,5,0,5
2021-02-21,27428,50692,78120,4001,8170,12171,8998,16088,25086,6819,13667,20486,5090,9711,14801,2045,2643,4688,406,388,794,64,25,89,5,0,5
2021-02-22,30852,56937,87789,4196,8615,12811,9349,16952,26301,7088,14366,21454,5345,10256,15601,2357,2956,5313,802,922,1724,1543,2444,3987,172,426,598
2021-02-23,34833,64338,99171,4448,9143,13591,9795,18049,27844,7514,15368,22882,5708,11056,16764,2835,3567,6402,1161,1422,2583,3021,4871,7892,351,862,1213
2021-02-24,38889,71948,110837,4705,9605,14310,10347,19102,29449,7961,16334,24295,6035,11807,17842,3220,4068,7288,1556,2034,3590,4549,7631,12180,516,1367,1883
2021-02-25,42935,79497,122432,4939,10138,15077,10870,20190,31060,8453,17227,25680,6407,12594,19001,3564,4560,8124,1894,2604,4498,6089,10307,16396,719,1877,2596
2021-02-26,46854,87395,134249,5188,10699,15887,11414,21306,32720,8830,18182,27012,6803,13447,20250,3917,5064,8981,2254,3142,5396,7539,13112,20651,909,2443,3352
2021-02-27,47383,88501,135884,5228,10773,16001,11513,21433,32946,8918,18304,27222,6863,13554,20417,3975,5165,9140,2320,3270,5590,7642,13422,21064,924,2580,3504
2021-02-28,47537,88854,136391,5243,10790,16033,11543,21492,33035,8935,18338,27273,6876,13570,20446,4009,5198,9207,2335,3308,5643,7667,13516,21183,929,2642,3571
2021-03-01,50622,94921,145543,5354,11021,16375,11803,22014,33817,9157,18736,27893,7041,13952,20993,4202,5447,9649,2692,3869,6561,9243,16707,25950,1130,3175,4305
2021-03-02,53661,100785,154446,5480,11318,16798,12034,22517,34551,9331,19162,28493,7197,14297,21494,4388,5759,10147,3062,4439,7501,10828,19611,30439,1341,3682,5023
2021-03-03,56542,106588,163130,5613,11576,17189,12284,23112,35396,9552,19657,29209,7356,14683,22039,4526,5994,10520,3366,4957,8323,12290,22388,34678,1555,4221,5776
2021-03-04,57816,109453,167269,5736,11895,17631,12515,23667,36182,9738,20077,29815,7494,15015,22509,4645,6221,10866,3484,5160,8644,12618,23061,35679,1586,4357,5943
2021-03-05,58929,112045,170974,5830,12140,17970,12764,24243,37007,9934,20623,30557,7659,15416,23075,4763,6438,11201,3558,5304,8862,12803,23444,36247,1618,4437,6055
2021-03-06,59585,114371,173956,5870,12378,18248,12939,24768,37707,10069,21133,31202,7761,15844,23605,4791,6494,11285,3624,5449,9073,12890,23747,36637,1641,4558,6199
2021-03-07,60232,116436,176668,5905,12569,18474,13084,25258,38342,10216,21589,31805,7883,16205,24088,4826,6538,11364,3692,5581,9273,12965,23997,36962,1661,4699,6360
2021-03-08,61685,119757,181442,5996,12821,18817,13267,25703,38970,10350,21977,32327,8020,16553,24573,4957,6809,11766,3871,5890,9761,13491,25006,38497,1733,4998,6731
2021-03-09,65450,126601,192051,6154,13127,19281,13601,26388,39989,10622,22509,33131,8272,17054,25326,5228,7163,12391,4290,6560,10850,15324,28134,43458,1959,5666,7625
2021-03-10,69490,135319,204809,6366,13645,20011,13987,27511,41498,10959,23618,34577,8619,18050,26669,5452,7497,12949,4693,7205,11898,17207,31457,48664,2207,6336,8543
2021-03-11,74676,147639,222315,6776,14558,21334,14730,29544,44274,11525,25805,37330,9144,19675,28819,5818,8032,13850,5137,7943,13080,19129,35106,54235,2417,6976,9393
2021-03-12,78478,157933,236411,7207,15604,22811,15560,32067,47627,12205,28332,40537,9722,21536,31258,6107,8488,14595,5366,8272,13638,19788,36387,56175,2523,7247,9770
2021-03-13,79970,163034,243004,7401,16387,23788,15978,33569,49547,12583,29734,42317,10020,22499,32519,6197,8617,14814,5396,8351,13747,19855,36562,56417,2540,7315,9855
2021-03-14,81014,166989,248003,7498,16900,24398,16283,34674,50957,12875,30957,43832,10262,23435,33697,6277,8750,15027,5421,8391,13812,19858,36567,56425,2540,7315,9855
2021-03-15,83986,175957,259943,7758,17925,25683,16929,36887,53816,13428,33122,46550,10765,25126,35891,6560,9273,15833,5633,8716,14349,20305,37466,57771,2608,7442,10050
2021-03-16,87915,185404,273319,8025,18769,26794,17541,38668,56209,13992,34841,48833,11224,26553,37777,6894,9872,16766,6012,9285,15297,21509,39662,61171,2718,7754,10472
2021-03-17,92090,194642,286732,8317,19449,27766,18161,40370,58531,14570,36459,51029,11672,27776,39448,7285,10576,17861,6436,9960,16396,22787,41966,64753,2862,8086,10948
2021-03-18,96447,204486,300933,8652,20351,29003,18900,42292,61192,15244,38227,53471,12253,29212,41465,7607,11166,18773,6874,10652,17526,23915,44119,68034,3002,8467,11469
2021-03-19,100599,214363,314962,9005,21346,30351,19677,44355,64032,16019,40092,56111,12881,30700,43581,7859,11545,19404,7176,11162,18338,24828,46166,70994,3154,8997,12151
2021-03-20,102785,219300,322085,9075,21567,30642,19884,44830,64714,16210,40556,56766,13078,31170,44248,8316,12621,20937,7561,11785,19346,25409,47466,72875,3252,9305,12557
2021-03-21,104459,222764,327223,9099,21629,30728,19955,44964,64919,16253,40637,56890,13173,31365,44538,8953,14041,22994,7980,12471,20451,25740,48175,73915,3306,9482,12788
2021-03-22,106534,227229,333763,9265,21924,31189,20263,45649,65912,16492,41211,57703,13404,32007,45411,9527,15483,25010,8449,13154,21603,25815,48294,74109,3319,9507,12826
2021-03-23,109552,234168,343720,9385,22193,31578,20522,46225,66747,16706,41739,58445,13609,32466,46075,9935,16353,26288,8903,13895,22798,26972,51013,77985,3520,10284,13804
2021-03-24,111410,238295,349705,9391,22210,31601,20534,46253,66787,16716,41765,58481,13646,32529,46175,10173,16918,27091,9246,14552,23798,28028,53283,81311,3676,10785,14461
2021-03-25,113510,242573,356083,9521,22507,32028,20792,46810,67602,16960,42198,59158,13806,32846,46652,10266,17072,27338,9551,15012,24563,28817,54936,83753,3797,11192,14989
2021-03-26,114615,245196,359811,9558,22601,32159,20901,47005,67906,17036,42369,59405,13892,32984,46876,10386,17456,27842,9734,15406,25140,29230,55864,85094,3878,11511,15389
2021-03-27,115352,247058,362410,9561,22607,32168,20906,47020,67926,17039,42382,59421,13897,33006,46903,10403,17496,27899,9883,15736,25619,29716,56944,86660,3947,11867,15814
2021-03-28,116062,248942,365004,9563,22611,32174,20909,47027,67936,17040,42393,59433,13905,33018,46923,10433,17535,27968,10025,15995,26020,30149,58088,88237,4038,12275,16313
2021-03-29,118362,254769,373131,9763,23137,32900,21329,48119,69448,17387,43290,60677,14185,33756,47941,10584,17820,28404,10262,16390,26652,30703,59493,90196,4149,12764,16913
2021-03-30,121509,261986,383495,9881,23430,33311,21574,48773,70347,17615,43824,61439,15238,36131,51369,11351,19059,30410,10630,17084,27714,31008,60535,91543,4212,13150,17362
2021-03-31,125668,270493,396161,10110,23959,34069,22069,50012,72081,18048,44904,62952,15474,36626,52100,11511,19277,30788,12673,20256,32929,31470,61832,93302,4313,13627,17940
2021-04-01,130195,278068,408263,10137,23988,34125,22094,50095,72189,18589,45938,64527,15859,37380,53239,11579,19477,31056,15738,24603,40341,31820,62694,94514,4379,13893,18272
2021-04-02,134611,285279,419890,10138,23991,34129,22096,50102,72198,19499,47671,67170,15866,37395,53261,11594,19503,31097,18906,29248,48154,32095,63305,95400,4417,14064,18481
2021-04-03,138363,291364,429727,10139,23999,34138,22099,50106,72205,19508,47678,67186,15874,37402,53276,11603,19514,31117,22486,34886,57372,32203,63599,95802,4451,14180,18631
2021-04-04,139468,293114,432582,10139,23999,34138,22100,50107,72207,19510,47684,67194,15878,37407,53285,11621,19531,31152,23556,36579,60135,32208,63616,95824,4456,14191,18647
2021-04-05,145540,302901,448441,10227,24126,34353,22175,50304,72479,19587,47891,67478,15957,37601,53558,11753,19722,31475,29016,45091,74107,32336,63881,96217,4489,14285,18774
2021-04-06,152371,313901,466272,10330,24274,34604,22300,50528,72828,19657,48039,67696,16017,37721,53738,11865,19901,31766,35116,54632,89748,32553,64368,96921,4533,14438,18971
2021-04-07,159933,325816,485749,10421,24394,34815,22425,50794,73219,19730,48212,67942,16096,37862,53958,12519,20712,33231,41248,64131,105379,32898,65096,97994,4596,14615,19211
2021-04-08,168420,337900,506320,10584,24559,35143,22635,51062,73697,19833,48367,68200,16180,38029,54209,14045,22942,36987,47472,72932,120404,33051,65316,98367,4620,14693,19313
2021-04-09,175769,349173,524942,10712,24805,35517,22858,51450,74308,19955,48625,68580,16269,38213,54482,15388,24796,40184,52738,80802,133540,33198,65650,98848,4651,14832,19483
2021-04-10,178871,353933,532804,10760,24913,35673,22922,51601,74523,20032,48746,68778,16323,38335,54658,16043,25802,41845,54881,83971,138852,33252,65704,98956,4658,14861,19519
2021-04-11,181782,358552,540334,10808,25021,35829,23019,51783,74802,20085,48908,68993,16388,38501,54889,16642,26712,43354,56897,86969,143866,33281,65766,99047,4662,14892,19554
2021-04-12,189894,371073,560967,10939,25264,36203,23200,52135,75335,20200,49134,69334,16497,38697,55194,18254,29017,47271,62748,95889,158637,33370,65965,99335,4686,14972,19658
2021-04-13,197564,382853,580417,11144,25451,36595,23431,52473,75904,20418,49369,69787,16690,39070,55760,20220,32433,52653,67462,102762,170224,33493,66227,99720,4706,15068,19774
2021-04-14,204155,392653,596808,11376,25527,36903,23613,52639,76252,20574,49554,70128,16755,39138,55893,21034,33458,54492,71296,108692,179988,34660,68179,102839,4847,15466,20313
2021-04-15,207431,398358,605789,11512,25573,37085,23714,52677,76391,20653,49577,70230,16797,39185,55982,22325,36272,58597,72821,111179,184000,34743,68374,103117,4866,15521,20387
2021-04-16,211231,404100,615331,11612,25606,37218,23762,52704,76466,20695,49601,70296,16813,39201,56014,22953,37111,60064,75405,115032,190437,35063,69131,104194,4928,15714,20642
2021-04-17,211549,404588,616137,11628,25620,37248,23787,52721,76508,20732,49634,70366,16850,39232,56082,22996,37151,60147,75545,115304,190849,35081,69188,104269,4930,15738,20668
2021-04-18,211696,404749,616445,11644,25626,37270,23809,52737,76546,20761,49667,70428,16893,39261,56154,23005,37168,60173,75560,115321,190881,35090,69217,104307,4934,15752,20686
2021-04-19,215740,411108,626848,11803,25656,37459,23873,52749,76622,20811,49683,70494,16909,39274,56183,23496,37846,61342,78363,119714,198077,35486,70196,105682,4999,15990,20989
2021-04-20,221905,421688,643593,11966,25718,37684,23954,52819,76773,20878,49767,70645,17360,40332,57692,26514,42774,69288,79967,122159,202126,36070,71535,107605,5196,16584,21780
2021-04-21,230314,433780,664094,12050,25764,37814,24003,52864,76867,20924,49812,70736,17445,40547,57992,34269,53708,87977,80297,122783,203080,36117,71662,107779,5209,16640,21849
2021-04-22,240382,447696,688078,12097,25809,37906,24042,52910,76952,20956,49863,70819,17487,40611,58098,43731,66675,110406,80665,123371,204036,36186,71785,107971,5218,16672,21890
2021-04-23,250582,460899,711481,12123,25856,37979,24089,52965,77054,21007,49938,70945,17555,40686,58241,53463,79027,132490,80883,123761,204644,36236,71927,108163,5226,16739,21965
2021-04-24,253495,464414,717909,12128,25865,37993,24094,52973,77067,21022,49954,70976,17573,40708,58281,56079,82216,138295,81098,123949,205047,36265,71990,108255,5236,16759,21995
2021-04-25,253576,464537,718113,12130,25867,37997,24098,52976,77074,21027,49966,70993,17582,40715,58297,56136,82294,138430,81100,123958,205058,36265,71998,108263,5238,16763,22001
2021-04-26,255080,466918,721998,12144,25873,38017,24109,52988,77097,21036,49976,71012,17587,40731,58318,57452,84307,141759,81228,124180,205408,36280,72074,108354,5244,16789,22033
2021-04-27,256468,469771,726239,12221,25944,38165,24158,53080,77238,21079,50043,71122,17622,40789,58411,58353,85975,144328,81460,124899,206359,36325,72215,108540,5250,16826,22076
2021-04-28,263529,485800,749329,12942,27777,40719,25709,57389,83098,22366,53892,76258,18638,43742,62380,60596,88608,149204,81663,125220,206883,36359,72311,108670,5256,16861,22117
2021-04-29,270058,498956,769014,13396,29098,42494,26786,60586,87372,23398,56886,80284,19499,46105,65604,63329,91282,154611,81957,125595,207552,36417,72477,108894,5276,16927,22203
2021-04-30,271385,500938,772323,13467,29223,42690,26883,60763,87646,23445,56980,80425,19530,46178,65708,64162,92391,156553,82158,125876,208034,36453,72558,109011,5287,16969,22256
2021-05-01,271914,501997,773911,13477,29253,42730,26938,60862,87800,23467,57033,80500,19552,46216,65768,64473,92984,157457,82249,126034,208283,36469,72617,109086,5289,16998,22287
2021-05-02,276207,511832,788039,13785,30192,43977,27749,63031,90780,24278,59107,83385,20189,47840,68029,64966,94033,158999,83439,127874,211313,36506,72716,109222,5295,17039,22334
2021-05-03,284409,523359,807768,13841,30297,44138,27852,63196,91048,24330,59196,83526,21012,49001,70013,69859,100529,170388,85616,131142,216758,36588,72899,109487,5311,17099,22410
2021-05-04,295970,537641,833611,13932,30419,44351,27947,63373,91320,24375,59294,83669,22990,51471,74461,78889,111510,190399,85884,131457,217341,36630,72977,109607,5323,17140,22463
2021-05-05,306611,552948,859559,14054,30607,44661,28158,63562,91720,24605,59430,84035,23565,52139,75704,82002,116136,198138,91970,140183,232153,36897,73601,110498,5360,17290,22650
2021-05-06,310227,558302,868529,14164,30706,44870,28313,63678,91991,24804,59485,84289,23989,52564,76553,83657,118867,202524,92955,141963,234918,36965,73714,110679,5380,17325,22705
2021-05-07,318182,571384,889566,14300,30994,45294,28540,64195,92735,25000,59866,84866,24247,53072,77319,85039,121679,206718,98573,150221,248794,37079,73944,111023,5404,17413,22817
2021-05-08,320570,586665,907235,14482,32604,47086,29010,67691,96701,25503,64465,89968,24812,56708,81520,85615,123466,209081,98641,150312,248953,37093,73984,111077,5414,17435,22849
2021-05-09,320705,586888,907593,14482,32604,47086,29010,67691,96701,25504,64465,89969,24833,56720,81553,85684,123544,209228,98655,150333,248988,37115,74049,111164,5422,17482,22904
2021-05-10,321533,589403,910936,14509,32646,47155,29041,67744,96785,25531,64509,90040,24982,56972,81954,86001,124963,210964,98853,150795,249648,37178,74219,111397,5438,17555,22993
2021-05-11,324821,593327,918148,14529,32681,47210,29072,67801,96873,25562,64564,90126,25612,57715,83327,88395,127651,216046,98984,150980,249964,37215,74322,111537,5452,17613,23065
2021-05-12,328391,597734,926125,14564,32713,47277,29118,67863,96981,25603,64625,90228,26295,58508,84803,90886,130444,221330,99154,151354,250508,37303,74525,111828,5468,17702,23170
2021-05-13,331277,603108,934385,14618,32818,47436,29212,68095,97307,25681,64781,90462,26474,58819,85293,91769,132152,223921,100648,153865,254513,37389,74775,112164,5486,17803,23289
2021-05-14,332608,606161,938769,14671,32914,47585,29304,68284,97588,25755,64917,90672,26643,59054,85697,92356,133623,225979,100932,154521,255453,37443,74956,112399,5504,17892,23396
2021-05-15,339017,611334,950351,14690,32954,47644,29342,68351,97693,25785,64966,90751,27839,60260,88099,97347,137085,234432,101028,154695,255723,37473,75077,112550,5513,17946,23459
2021-05-16,339890,613639,953529,14748,33147,47895,29550,69052,98602,26038,65676,91714,28016,60660,88676,97476,137238,234714,101053,154737,255790,37486,75151,112637,5523,17978,23501
2021-05-17,344156,617965,962121,14797,33236,48033,29720,69470,99190,26143,65966,92109,28853,61439,90292,100295,139436,239731,101282,155117,256399,37527,75263,112790,5539,18038,23577
2021-05-18,348714,621869,970583,14826,33289,48115,29782,69546,99328,26203,66045,92248,29716,62284,92000,103704,141950,245654,101380,155313,256693,37555,75358,112913,5548,18084,23632
2021-05-19,352161,625194,977355,14867,33389,48256,29891,69760,99651,26248,66161,92409,30348,62920,93268,106148,143762,249910,101511,155627,257138,37590,75450,113040,5558,18125,23683
2021-05-20,362734,637143,999877,14938,33533,48471,30041,69997,100038,26336,66340,92676,33271,66237,99508,112741,150263,263004,102088,156651,258739,37736,75889,113625,5583,18233,23816
2021-05-21,364877,641529,1006406,15043,33792,48835,30227,70544,100771,26443,66737,93180,33367,66583,99950,113188,151096,264284,103207,158443,261650,37811,76047,113858,5591,18287,23878
2021-05-22,366399,643655,1010054,15095,33867,48962,30269,70606,100875,26466,66800,93266,33574,66844,100418,114155,152329,266484,103402,158785,262187,37842,76117,113959,5596,18307,23903
2021-05-23,368771,646014,1014785,15119,33913,49032,30295,70673,100968,26490,66841,93331,34581,67931,102512,115340,153212,268552,103482,158938,262420,37861,76182,114043,5603,18324,23927
2021-05-24,369462,647581,1017043,15156,33995,49151,30361,70806,101167,26527,66942,93469,34805,68169,102974,115611,154089,269700,103533,159041,262574,37866,76207,114073,5603,18332,23935
2021-05-25,374062,656058,1030120,15166,34015,49181,30367,70822,101189,26529,66958,93487,34983,68340,103323,115888,154831,270719,104012,159876,263888,41109,81908,123017,6008,19308,25316
2021-05-26,376329,659453,1035782,15200,34064,49264,30409,70903,101312,26564,67029,93593,36054,69303,105357,116087,155165,271252,104178,160189,264367,41726,83217,124943,6111,19583,25694
2021-05-27,385632,674398,1060030,15260,34179,49439,30505,71066,101571,26657,67191,93848,38734,71754,110488,116366,155371,271737,104860,161376,266236,46546,92279,138825,6704,21182,27886
2021-05-28,396134,689213,1085347,15367,34335,49702,30673,71308,101981,26949,67461,94410,44526,78527,123053,116594,155609,272203,105380,162191,267571,49564,97605,147169,7081,22177,29258
2021-05-29,405082,697531,1102613,15371,34343,49714,30683,71320,102003,27579,67932,95511,52274,85444,137718,116781,155838,272619,105454,162320,267774,49826,98083,147909,7114,22251,29365
2021-05-30,413382,705070,1118452,15372,34351,49723,30689,71327,102016,29350,69473,98823,58652,91270,149922,116865,155916,272781,105477,162347,267824,49857,98125,147982,7120,22261,29381
2021-05-31,424913,720384,1145297,15467,34528,49995,30853,71608,102461,35698,75522,111220,62052,96783,158835,117474,156784,274258,105664,162709,268373,50486,99812,150298,7219,22638,29857
2021-06-01,436012,732963,1168975,15657,34783,50440,31450,72021,103471,42756,82893,125649,64232,99299,163531,117590,156956,274546,105825,162986,268811,51218,101106,152324,7284,22919,30203
2021-06-02,445040,745773,1190813,16271,35432,51703,33152,74619,107771,46764,88181,134945,66256,101895,168151,117747,157163,274910,105948,163195,269143,51549,102050,153599,7353,23238,30591
2021-06-03,457679,765221,1222900,19290,40464,59754,38380,82581,120961,50024,92578,142602,66829,102738,169567,117894,157364,275258,106037,163384,269421,51822,102681,154503,7403,23431,30834
2021-06-04,470887,781471,1252358,22250,44044,66294,43145,87323,130468,52970,96790,149760,67843,104129,171972,118944,158527,277471,106340,163911,270251,51956,103170,155126,7439,23577,31016
2021-06-05,481748,791665,1273413,24911,46417,71328,47917,91244,139161,54802,98501,153303,68511,104813,173324,119587,159249,278836,106486,164194,270680,52063,103530,155593,7471,23717,31188
2021-06-06,490148,801448,1291596,27951,50444,78395,51712,95335,147047,55722,99232,154954,68934,105187,174121,119663,159329,278992,106543,164324,270867,52130,103737,155867,7493,23860,31353
2021-06-07,503758,815580,1319338,31030,53796,84826,55011,98081,153092,59011,102368,161379,72262,109069,181331,120039,159728,279767,106664,164543,271207,52215,103996,156211,7526,23999,31525
2021-06-08,516390,832588,1348978,32034,55278,87312,56368,100118,156486,60486,104418,164904,80339,119001,199340,120185,159925,280110,106855,164871,271726,52540,104712,157252,7583,24265,31848
2021-06-09,528957,845704,1374661,32369,55615,87984,57013,100787,157800,61190,104975,166165,91028,130085,221113,120279,160054,280333,106909,164958,271867,52572,104856,157428,7597,24374,31971
2021-06-10,543206,860624,1403830,33129,56471,89600,58067,101994,160061,63104,106978,170082,101115,140168,241283,120568,160422,280990,106995,165112,272107,52612,105017,157629,7616,24462,32078
2021-06-11,552907,876333,1429240,33328,56704,90032,58536,102300,160836,63849,107635,171484,102493,141662,244155,120704,160660,281364,107920,166556,274476,57926,114780,172706,8151,26036,34187
2021-06-12,559227,884167,1443394,33766,57297,91063,59145,103096,162241,65200,109186,174386,105575,144681,250256,120752,160741,281493,108064,166849,274913,58494,115960,174454,8231,26357,34588
2021-06-13,563335,888559,1451894,33968,57552,91520,59428,103426,162854,66105,110149,176254,108211,147403,255614,120789,160781,281570,108076,166867,274943,58521,116015,174536,8237,26366,34603
2021-06-14,569409,895210,1464619,34713,58406,93119,60456,104487,164943,67450,111493,178943,110864,150214,261078,120835,160845,281680,108115,166959,275074,58715,116352,175067,8261,26454,34715
2021-06-15,583337,908845,1492182,34832,58585,93417,60659,104773,165432,67878,111946,179824,123388,161805,285193,121049,161066,282115,108256,167267,275523,58975,116831,175806,8300,26572,34872
2021-06-16,590922,919072,1509994,35250,59215,94465,61492,105825,167317,69666,114055,183721,125435,164043,289478,121208,161280,282488,110146,170018,280164,59352,117750,177102,8373,26886,35259
2021-06-17,602468,933319,1535787,35444,59499,94943,61929,106263,168192,72648,117276,189924,129620,168333,297953,121734,161962,283696,112896,174070,286966,59745,118700,178445,8452,27216,35668
2021-06-18,616872,948488,1565360,36104,60321,96425,62993,107376,170369,81060,125291,206351,132817,171612,304429,122132,162503,284635,113382,174864,288246,59903,119135,179038,8481,27386,35867
2021-06-19,627470,960030,1587500,36315,60619,96934,63136,107622,170758,89342,133719,223061,134280,173040,307320,122382,162785,285167,113484,175078,288562,60018,119553,179571,8513,27614,36127
2021-06-20,627474,960034,1587508,36315,60620,96935,63138,107622,170760,89343,133721,223064,134280,173040,307320,122382,162786,285168,113485,175078,288563,60018,119553,179571,8513,27614,36127
2021-06-21,633489,966135,1599624,36338,60642,96980,63176,107676,170852,94394,138717,233111,134933,173663,308596,122538,162974,285512,113553,175170,288723,60038,119642,179680,8519,27651,36170
2021-06-22,638574,971320,1609894,36490,60899,97389,63390,107958,171348,96739,140934,237673,136659,175163,311822,122980,163457,286437,113699,175381,289080,60080,119797,179877,8537,27731,36268
2021-06-23,648162,980923,1629085,36628,61140,97768,63576,108318,171894,104625,148481,253106,137762,176088,313850,123121,163679,286800,113766,175499,289265,60133,119928,180061,8551,27790,36341
2021-06-24,663557,1000372,1663929,36832,61548,98380,64216,112492,176708,117702,161492,279194,138841,177272,316113,123354,163991,287345,113891,175714,289605,60165,120034,180199,8556,27829,36385
2021-06-25,676426,1019105,1695531,37234,62731,99965,64931,115527,180458,122531,166425,288956,139806,178383,318189,127917,170179,298096,115058,177355,292413,60357,120537,180894,8592,27968,36560
2021-06-26,685718,1031067,1716785,37272,62773,100045,64969,115578,180547,123372,167259,290631,140369,179081,319450,134757,178874,313631,115842,178558,294400,60517,120875,181392,8620,28069,36689
2021-06-27,693854,1040049,1733903,37336,62881,100217,65046,115718,180764,126890,170848,297738,143149,181887,325036,135802,180101,315903,116390,179384,295774,60604,121114,181718,8637,28116,36753
2021-06-28,711129,1059740,1770869,38034,64550,102584,65647,118134,183781,140716,183735,324451,144405,183159,327564,136500,181111,317611,116535,179639,296174,60644,121223,181867,8648,28189,36837
2021-06-29,729373,1078374,1807747,38232,64904,103136,66104,118953,185057,156472,198632,355104,145159,183942,329101,137213,182154,319367,116778,180060,296838,60753,121457,182210,8662,28272,36934
2021-06-30,748900,1097629,1846529,38385,65102,103487,71248,123848,195096,168721,210270,378991,145828,184594,330422,138374,183678,322052,116883,180250,297133,60789,121551,182340,8672,28336,37008
2021-07-01,761609,1110976,1872585,38492,65319,103811,76044,128599,204643,174252,215481,389733,146784,185646,332430,139176,184776,323952,117236,180823,298059,60927,121877,182804,8698,28455,37153
2021-07-02,771426,1129174,1900600,39078,66505,105583,78393,132360,210753,175774,217215,392989,147134,186158,333292,139997,186152,326149,117877,182018,299895,64004,128711,192715,9169,30055,39224
2021-07-03,782328,1141451,1923779,39096,66542,105638,84438,137676,222114,178327,219934,398261,147633,186732,334365,140402,186689,327091,118211,182645,300856,64924,130679,195603,9297,30554,39851
2021-07-04,792747,1151769,1944516,39610,67385,106995,93626,146117,239743,178732,220402,399134,147764,186855,334619,140487,186817,327304,118268,182724,300992,64952,130833,195785,9308,30636,39944
2021-07-05,797795,1157252,1955047,39875,67789,107664,97151,149120,246271,178979,220687,399666,147901,186984,334885,140806,187279,328085,118503,183129,301632,65229,131437,196666,9351,30827,40178
2021-07-06,810776,1169381,1980157,40298,68451,108749,108748,158950,267698,179248,221013,400261,148088,187225,335313,140986,187487,328473,118606,183346,301952,65415,131925,197340,9387,30984,40371
2021-07-07,816375,1175599,1991974,40448,68599,109047,112676,162512,275188,179903,221918,401821,148340,187613,335953,141125,187699,328824,118755,183654,302409,65695,132467,198162,9433,31137,40570
2021-07-08,835180,1191872,2027052,40814,69131,109945,127706,174803,302509,182191,223981,406172,149049,188345,337394,141407,188057,329464,118825,183780,302605,65740,132599,198339,9448,31176,40624
2021-07-09,848012,1204889,2052901,41490,69857,111347,136389,183034,319423,184399,226177,410576,149884,189179,339063,141674,188471,330145,118963,184300,303263,65761,132675,198436,9452,31196,40648
2021-07-10,858779,1216337,2075116,42946,71618,114564,144338,190854,335192,184778,226605,411383,150061,189409,339470,142138,189017,331155,119217,184723,303940,65838,132866,198704,9463,31245,40708
2021-07-11,860907,1219955,2080862,43202,71978,115180,145402,192137,337539,184936,226980,411916,150133,189602,339735,142162,189055,331217,119322,184927,304249,66235,133817,200052,9515,31459,40974
2021-07-12,878839,1235924,2114763,46246,74920,121166,159357,203875,363232,185375,227509,412884,150363,189874,340237,142269,189224,331493,119382,185053,304435,66315,133963,200278,9532,31506,41038
2021-07-13,889135,1244677,2133812,48027,76550,124577,166703,209859,376562,186119,228135,414254,150634,190146,340780,142364,189325,331689,119421,185118,304539,66329,134008,200337,9538,31536,41074
2021-07-14,892588,1247973,2140561,48661,77266,125927,168972,211757,380729,186423,228501,414924,150791,190311,341102,142417,189387,331804,119436,185163,304599,66344,134034,200378,9544,31554,41098
2021-07-15,906516,1267500,2174016,49079,77962,127041,170243,214109,384352,193273,235533,428806,151991,192652,344643,143126,190522,333648,121993,188918,310911,67145,135795,202940,9666,32009,41675
2021-07-16,920276,1287109,2207385,49416,78380,127796,171249,217074,388323,200521,243558,444079,152484,193327,345811,143274,190715,333989,126051,194913,320964,67545,136853,204398,9736,32289,42025
2021-07-17,932417,1300484,2232901,50806,80115,130921,176366,222444,398810,204767,248014,452781,153259,194169,347428,143517,190975,334492,126342,195412,321754,67609,137022,204631,9751,32333,42084
2021-07-18,943574,1312406,2255980,53794,83894,137688,179244,225066,404310,208373,251618,459991,154691,195617,350308,143684,191208,334892,126406,195550,321956,67628,137099,204727,9754,32354,42108
2021-07-19,960148,1330268,2290416,56475,87182,143657,180694,227611,408305,219192,261593,480785,155786,196706,352492,143882,191432,335314,126538,195759,322297,67780,137515,205295,9801,32470,42271
2021-07-20,978503,1349803,2328306,63875,95623,159498,183189,230479,413668,226505,268290,494795,156495,197466,353961,144068,191662,335730,126690,196049,322739,67862,137705,205567,9819,32529,42348
2021-07-21,997063,1368592,2365655,77818,109651,187469,186492,233768,420260,227187,269005,496192,156822,197779,354601,144218,191810,336028,126814,196272,323086,67886,137754,205640,9826,32553,42379
2021-07-22,1016056,1385989,2402045,90805,121271,212076,190570,237351,427921,228350,270159,498509,157319,198383,355702,144380,192039,336419,126882,196366,323248,67915,137831,205746,9835,32589,42424
2021-07-23,1031529,1403507,2435036,96753,128398,225151,193362,240233,433595,233992,276177,510169,158102,199323,357425,144577,192336,336913,126960,196498,323458,67945,137917,205862,9838,32625,42463
2021-07-24,1045759,1418102,2463861,97486,129372,226858,193846,240686,434532,239651,281634,521285,165026,206393,371419,144832,192651,337483,127052,196617,323669,68022,138074,206096,9844,32675,42519
2021-07-25,1057352,1431941,2489293,104390,138465,242855,196771,243452,440223,240550,282667,523217,165645,207012,372657,145025,192856,337881,127086,196674,323760,68037,138114,206151,9848,32701,42549
2021-07-26,1074862,1453733,2528595,109925,145451,255376,201191,249135,450326,245114,288054,533168,168058,209737,377795,145390,193359,338749,127229,196982,324211,68099,138261,206360,9856,32754,42610
2021-07-27,1090024,1472432,2562456,116978,153707,270685,204150,252948,457098,247896,291639,539535,169292,211202,380494,146190,194243,340433,127461,197375,324836,68182,138499,206681,9875,32819,42694
2021-07-28,1107763,1492843,2600606,132237,170851,303088,205414,254424,459838,248614,292655,541269,169603,211661,381264,146318,194412,340730,127495,197457,324952,68198,138545,206743,9884,32838,42722
2021-07-29,1126718,1511029,2637747,147403,185082,332485,207406,256297,463703,249678,293878,543556,170084,212183,382267,146484,194585,341069,127558,197533,325091,68214,138596,206810,9891,32875,42766
2021-07-30,1143279,1527365,2670644,153182,190408,343590,213466,262172,475638,253033,297333,550366,171127,213343,384470,146712,194865,341577,127616,197675,325291,68248,138653,206901,9895,32916,42811
2021-07-31,1157744,1538558,2696302,154802,192123,346925,221142,268789,489931,257306,299348,556654,171753,213833,385586,146907,195052,341959,127665,197753,325418,68268,138714,206982,9901,32946,42847
2021-08-01,1164078,1546288,2710366,156220,194010,350230,223958,272277,496235,258681,300766,559447,172229,214373,386602,147090,195283,342373,127712,197848,325560,68284,138762,207046,9904,32969,42873
2021-08-02,1182672,1564333,2747005,159174,197340,356514,235088,282133,517221,262258,304466,566724,172911,215122,388033,147262,195513,342775,127769,197952,325721,68300,138818,207118,9910,32989,42899
2021-08-03,1199058,1579636,2778694,167199,204644,371843,238047,284811,522858,264834,306650,571484,175378,217819,393197,147544,195786,343330,127824,198039,325863,68315,138874,207189,9917,33013,42930
2021-08-04,1211971,1594834,2806805,169168,207183,376351,240777,287665,528442,266439,308649,575088,181712,225234,406946,147728,196018,343746,127892,198133,326025,68335,138921,207256,9920,33031,42951
2021-08-05,1221117,1603760,2824877,172869,210656,383525,244374,291055,535429,267704,309932,577636,182133,225730,407863,147852,196172,344024,127919,198215,326134,68345,138951,207296,9921,33049,42970
2021-08-06,1225538,1609102,2834640,173531,211434,384965,245233,291834,537067,268069,310279,578348,182337,225972,408309,148961,197642,346603,129110,199868,328978,68372,139008,207380,9925,33065,42990
2021-08-07,1235755,1623462,2859217,174622,212329,386951,245289,291898,537187,268112,310341,578453,182394,226029,408423,150260,199512,349772,136677,211058,347735,68461,139184,207645,9940,33111,43051
2021-08-08,1244794,1636356,2881150,174626,212344,386970,245299,291915,537214,268121,310355,578476,182422,226088,408510,155527,206729,362256,140273,216382,356655,68569,139394,207963,9957,33149,43106
2021-08-09,1259035,1655971,2915006,174761,212503,387264,245509,292128,537637,268292,310589,578881,183466,227614,411080,166114,221285,387399,142262,219048,361310,68662,139611,208273,9969,33193,43162
2021-08-10,1273360,1674906,2948266,175111,212920,388031,246004,292646,538650,269464,311419,580883,184810,229411,414221,173380,231078,404458,145820,224333,370153,68782,139853,208635,9989,33246,43235
2021-08-11,1288327,1691497,2979824,176428,214035,390463,246291,293093,539384,269766,311845,581611,187222,232028,419250,182204,240146,422350,147502,226968,374470,68909,140082,208991,10005,33300,43305
2021-08-12,1297953,1704370,3002323,176808,214461,391269,246545,293380,539925,269994,312117,582111,189027,234287,423314,185922,244444,430366,150599,231941,382540,69027,140374,209401,10031,33366,43397
2021-08-13,1310945,1722443,3033388,176921,214587,391508,246731,293561,540292,270140,312307,582447,189400,234736,424136,191487,251372,442859,156865,241239,398104,69322,141094,210416,10079,33547,43626
2021-08-14,1319309,1735089,3054398,177004,214719,391723,246878,293777,540655,270299,312616,582915,190989,236907,427896,196997,259505,456502,157641,242623,400264,69404,141336,210740,10097,33606,43703
2021-08-15,1330907,1747653,3078560,177468,215275,392743,247668,294737,542405,271709,314032,585741,197709,243912,441621,198686,261124,459810,158071,243372,401443,69481,141528,211009,10115,33673,43788
2021-08-16,1340177,1759413,3099590,178870,216844,395714,248797,295977,544774,274183,316942,591125,199591,246228,445819,199764,262507,462271,159219,245280,404499,69611,141868,211479,10142,33767,43909
2021-08-17,1356284,1773381,3129665,186409,223473,409882,255023,301409,556432,275552,318148,593700,200375,246640,447015,199903,262685,462588,159250,245345,404595,69625,141908,211533,10147,33773,43920
2021-08-18,1367715,1785663,3153378,191250,228061,419311,256434,303151,559585,276746,319513,596259,202124,248506,450630,201599,264384,465983,159716,246165,405881,69690,142068,211758,10156,33815,43971
2021-08-19,1373694,1791861,3165555,193661,230350,424011,257244,303942,561186,277218,320095,597313,203566,249897,453463,202176,265034,467210,159943,246565,406508,69725,142142,211867,10161,33836,43997
2021-08-20,1386890,1804151,3191041,196149,232903,429052,258753,305082,563835,278423,321086,599509,211270,257053,468323,202376,265272,467648,160011,246714,406725,69744,142193,211937,10164,33848,44012
2021-08-21,1396240,1816267,3212507,197734,235016,432750,261015,308418,569433,280609,324020,604629,214103,260135,474238,202750,265686,468436,160096,246862,406958,69764,142260,212024,10169,33870,44039
2021-08-22,1406121,1827443,3233564,199267,236953,436220,266255,313886,580141,282337,326121,608458,215055,261249,476304,203095,266103,469198,160163,246970,407133,69778,142289,212067,10171,33872,44043
2021-08-23,1423412,1843100,3266512,206605,243876,450481,273960,320171,594131,283652,327456,611108,215728,261959,477687,203296,266353,469649,160208,247068,407276,69791,142327,212118,10172,33890,44062
2021-08-24,1435851,1856289,3292140,215583,253110,468693,275871,321972,597843,284451,328404,612855,216266,262720,478986,203462,266626,470088,160244,247176,407420,69798,142373,212171,10176,33908,44084
2021-08-25,1451530,1872058,3323588,217930,255503,473433,277031,323503,600534,291205,334797,626002,221145,267450,488595,203865,267088,470953,160346,247327,407673,69827,142453,212280,10181,33937,44118
2021-08-26,1466582,1889622,3356204,219828,257980,477808,277946,324802,602748,291777,335621,627398,224873,271110,495983,210533,273931,484464,161446,249260,410706,69966,142873,212839,10213,34045,44258
2021-08-27,1484999,1907599,3392598,230752,268778,499530,281327,327549,608876,292782,336643,629425,227294,273600,500894,211073,274568,485641,161559,249449,411008,69994,142941,212935,10218,34071,44289
2021-08-28,1496045,1920895,3416940,238922,279241,518163,282969,328988,611957,293556,337361,630917,227627,274039,501666,211156,274681,485837,161594,249538,411132,70001,142970,212971,10220,34077,44297
2021-08-29,1507480,1933675,3441155,239893,280504,520397,283519,329690,613209,295570,339461,635031,235041,282044,517085,211473,275090,486563,161711,249768,411479,70048,143028,213076,10225,34090,44315
2021-08-30,1523438,1950404,3473842,243917,284179,528096,285872,331989,617861,298738,342433,641171,238941,285986,524927,213115,277200,490315,162453,251064,413517,70164,143373,213537,10238,34180,44418
2021-08-31,1539009,1967673,3506682,255046,296868,551914,287865,333796,621661,300304,344055,644359,239568,286694,526262,213286,277455,490741,162517,251178,413695,70180,143428,213608,10243,34199,44442
2021-09-01,1555011,1984766,3539777,269473,311228,580701,288460,334446,622906,300681,344565,645246,239833,287167,527000,213521,278187,491708,162605,251465,414070,70194,143498,213692,10244,34210,44454
2021-09-02,1570947,2003788,3574735,279178,320947,600125,289997,336808,626805,303332,348408,651740,241346,289482,530828,213877,278682,492559,162756,251676,414432,70214,143566,213780,10247,34219,44466
2021-09-03,1585594,2020946,3606540,285258,327066,612324,291622,338546,630168,307646,354146,661792,242958,291623,534581,214699,279728,494427,162918,251956,414874,70243,143638,213881,10250,34243,44493
2021-09-04,1597734,2032983,3630717,288552,330371,618923,295057,341718,636775,312371,358906,671277,243485,292154,535639,214813,279891,494704,162956,252026,414982,70249,143670,213919,10251,34247,44498
2021-09-05,1609973,2045095,3655068,289813,331709,621522,297472,344021,641493,320008,366416,686424,244244,292882,537126,214936,280064,495000,162994,252064,415058,70254,143686,213940,10252,34253,44505
2021-09-06,1626221,2061070,3687291,291393,333200,624593,298135,344770,642905,330865,377175,708040,246856,295136,541992,215351,280568,495919,163087,252207,415294,70274,143748,214022,10260,34266,44526
2021-09-07,1644338,2081184,3725522,292349,334562,626911,299805,347282,647087,338982,384783,723765,250510,298945,549455,218293,283999,502292,163745,253231,416976,70368,144050,214418,10286,34332,44618
2021-09-08,1654763,2091648,3746411,294831,336734,631565,302460,349774,652234,341989,387902,729891,251965,300528,552493,218912,284660,503572,163911,253508,417419,70404,144172,214576,10291,34370,44661
2021-09-09,1669893,2106607,3776500,297283,339330,636613,311648,358178,669826,344156,390266,734422,253011,301691,554702,219126,284921,504047,163958,253600,417558,70417,144239,214656,10294,34382,44676
2021-09-10,1674904,2111996,3786900,299544,341491,641035,312423,359128,671551,344537,390683,735220,254200,302994,557194,219454,285321,504775,164017,253719,417736,70433,144274,214707,10296,34386,44682
2021-09-11,1678287,2115248,3793535,300223,342175,642398,314081,360517,674598,344794,390978,735772,254886,303749,558635,219528,285400,504928,164044,253751,417795,70435,144289,214724,10296,34389,44685
2021-09-12,1679146,2116223,3795369,300440,342455,642895,314425,360849,675274,344979,391194,736173,254976,303861,558837,219546,285420,504966,164049,253763,417812,70435,144291,214726,10296,34390,44686
2021-09-13,1686531,2123490,3810021,304799,346975,651774,317060,363157,680217,345184,391417,736601,255091,303981,559072,219585,285457,505042,164067,253786,417853,70443,144316,214759,10302,34401,44703
2021-09-14,1692965,2131050,3824015,305284,347570,652854,317470,363624,681094,345573,391865,737438,259314,308486,567800,220332,286700,507032,164220,254004,418224,70467,144378,214845,10305,34423,44728
2021-09-15,1710478,2150890,3861368,306418,349143,655561,319099,365922,685021,348949,395709,744658,267992,317300,585292,222708,289431,512139,164451,254410,418861,70538,144513,215051,10323,34462,44785
2021-09-16,1727081,2169802,3896883,308800,352534,661334,328676,376015,704691,351342,398285,749627,269349,318962,588311,223429,290260,513689,164580,254656,419236,70574,144606,215180,10331,34484,44815
2021-09-17,1741048,2183969,3925017,317214,361089,678303,331808,378927,710735,352640,399612,752252,270141,319826,589967,223656,290561,514217,164658,254780,419438,70595,144672,215267,10336,34502,44838
2021-09-18,1753243,2197131,3950374,325810,370054,695864,333925,381128,715053,353550,400748,754298,270589,320424,591013,223752,290732,514484,164676,254839,419515,70603,144699,215302,10338,34507,44845
2021-09-19,1762384,2206406,3968790,331098,375117,706215,336042,383261,719303,354581,401880,756461,271096,320977,592073,223881,290916,514797,164728,254973,419701,70619,144761,215380,10339,34521,44860
2021-09-20,1769538,2213292,3982830,334527,378418,712945,338232,385120,723352,355432,402786,758218,271520,321427,592947,224052,291117,515169,164804,255096,419900,70629,144799,215428,10342,34529,44871
2021-09-21,1781850,2224752,4006602,344507,387664,732171,339574,386189,725763,355981,403326,759307,271809,321772,593581,224160,291283,515443,164834,255156,419990,70640,144822,215462,10345,34540,44885
2021-09-22,1790426,2232524,4022950,350022,392512,742534,341567,387808,729375,356551,403913,760464,272100,322132,594232,224288,291450,515738,164893,255282,420175,70656,144865,215521,10349,34562,44911
2021-09-23,1796208,2238424,4034632,353955,396548,750503,342633,388760,731393,356996,404374,761370,272330,322398,594728,224344,291545,515889,164934,255336,420270,70667,144894,215561,10349,34569,44918
2021-09-24,1801923,2244299,4046222,356907,399584,756491,343851,389974,733825,357972,405299,763271,272749,322835,595584,224446,291687,516133,164971,255406,420377,70677,144930,215607,10350,34584,44934
2021-09-25,1805591,2247360,4052951,358034,400515,758549,345174,390812,735986,358541,405909,764450,273249,323370,596619,224569,291793,516362,164988,255433,420421,70685,144941,215626,10351,34587,44938
2021-09-26,1817832,2258543,4076375,358707,401269,759976,346783,392467,739250,363600,410337,773937,277771,327178,604949,224880,292159,517039,165041,255538,420579,70697,144998,215695,10353,34597,44950
2021-09-27,1829668,2269461,4099129,360550,403479,764029,352193,397181,749374,366752,412973,779725,278947,328130,607077,225066,292405,517471,165087,255624,420711,70719,145052,215771,10354,34617,44971
2021-09-28,1843609,2283317,4126926,361517,404403,765920,361846,405401,767247,367987,414377,782364,279737,329065,608802,225613,293163,518776,165682,256734,422416,70857,145460,216317,10370,34714,45084
2021-09-29,1852298,2291858,4144156,364055,407136,771191,366242,409188,775430,368853,415251,784104,280280,329616,609896,225812,293405,519217,165794,256957,422751,70892,145564,216456,10370,34741,45111
2021-09-30,1860801,2301665,4162466,369370,412833,782203,367353,410560,777913,369902,416218,786120,281013,330683,611696,226038,293877,519915,165848,257118,422966,70906,145625,216531,10371,34751,45122
2021-10-01,1866434,2307226,4173660,372280,415837,788117,368602,411789,780391,370743,416923,787666,281496,331093,612589,226154,294003,520157,165877,257170,423047,70911,145654,216565,10371,34757,45128
2021-10-02,1869258,2309998,4179256,373449,417043,790492,369435,412505,781940,371227,417391,788618,281735,331303,613038,226223,294095,520318,165897,257218,423115,70920,145679,216599,10372,34764,45136
2021-10-03,1872411,2312734,4185145,374939,418342,793281,370430,413246,783676,371634,417742,789376,281890,331477,613367,226303,294198,520501,165915,257263,423178,70927,145699,216626,10373,34767,45140
2021-10-04,1878021,2318124,4196145,377404,420632,798036,372246,414784,787030,372340,418450,790790,282287,331932,614219,226460,294449,520909,165967,257356,423323,70940,145740,216680,10377,34781,45158
2021-10-05,1881405,2321433,4202838,378775,422032,800807,373183,415594,788777,372927,419008,791935,282638,332304,614942,226565,294556,521121,165990,257389,423379,70948,145762,216710,10379,34788,45167
2021-10-06,1888449,2328617,4217066,384273,427755,812028,373895,416190,790085,373379,419433,792812,282889,332560,615449,226652,294662,521314,166020,257425,423445,70959,145791,216750,10382,34801,45183
2021-10-07,1891474,2331589,4223063,385573,428897,814470,374739,416968,791707,373781,419866,793647,283213,332936,616149,226774,294820,521594,166046,257479,423525,70962,145815,216777,10386,34808,45194
2021-10-08,1902066,2341943,4244009,386221,429786,816007,380873,422405,803278,374983,421155,796138,284594,334392,618986,227935,295969,523904,166095,257566,423661,70978,145856,216834,10387,34814,45201
2021-10-09,1911782,2351462,4263244,386809,430489,817298,385315,426330,811645,376199,422379,798578,286852,336725,623577,229093,297171,526264,166137,257658,423795,70990,145889,216879,10387,34821,45208
2021-10-10,1918710,2358511,4277221,387221,431066,818287,388873,429610,818483,376976,423254,800230,288181,338070,626251,229910,298058,527968,166161,257715,423876,71000,145911,216911,10388,34827,45215
2021-10-11,1923188,2362895,4286083,389698,433385,823083,389926,430633,820559,377528,423767,801295,288450,338369,626819,229992,298178,528170,166196,257781,423977,71010,145951,216961,10388,34831,45219
2021-10-12,1933896,2372920,4306816,396332,439350,835682,391289,431922,823211,378804,425075,803879,289378,339301,628679,230418,298589,529007,166262,257867,424129,71024,145977,217001,10389,34839,45228
