FECHA,TotalM,TotalF,Total,<=30M,<=30F,<=30,31-40M,31-40F,31-40,41-50M,41-50F,41-50,51-60M,51-60F,51-60,61-70M,61-70F,61-70,71-80M,71-80F,71-80,81-90M,81-90F,81-90,>=91M,>=91F,>=91
2020-12-29,260,411,671,38,68,106,93,126,219,79,133,212,49,82,131,1,2,3,0,0,0,0,0,0,0,0,0
2020-12-30,300,482,782,45,99,144,107,141,248,90,150,240,56,91,147,2,1,3,0,0,0,0,0,0,0,0,0
2020-12-31,37,44,81,7,3,10,12,16,28,12,16,28,6,8,14,0,1,1,0,0,0,0,0,0,0,0,0
2021-01-01,0,0,0,0,0,0,0,0,0,0,0,0,0,0,0,0,0,0,0,0,0,0,0,0,0,0,0
2021-01-02,140,242,382,14,28,42,54,95,149,47,66,113,24,52,76,1,1,2,0,0,0,0,0,0,0,0,0
2021-01-03,49,99,148,8,14,22,22,41,63,11,28,39,8,16,24,0,0,0,0,0,0,0,0,0,0,0,0
2021-01-04,320,524,844,57,91,148,103,188,291,92,153,245,67,92,159,1,0,1,0,0,0,0,0,0,0,0,0
2021-01-05,470,730,1200,69,128,197,196,242,438,119,218,337,85,138,223,1,3,4,0,1,1,0,0,0,0,0,0
2021-01-06,517,774,1291,90,147,237,197,235,432,143,224,367,86,167,253,1,1,2,0,0,0,0,0,0,0,0,0
2021-01-07,527,894,1421,85,157,242,180,308,488,149,260,409,113,169,282,0,0,0,0,0,0,0,0,0,0,0,0
2021-01-08,665,1177,1842,121,230,351,225,402,627,191,338,529,123,204,327,5,3,8,0,0,0,0,0,0,0,0,0
2021-01-09,167,272,439,14,40,54,70,102,172,52,86,138,31,44,75,0,0,0,0,0,0,0,0,0,0,0,0
2021-01-10,208,359,567,33,48,81,89,152,241,53,101,154,31,58,89,2,0,2,0,0,0,0,0,0,0,0,0
2021-01-11,657,1191,1848,111,258,369,265,401,666,174,323,497,105,206,311,2,3,5,0,0,0,0,0,0,0,0,0
2021-01-12,589,1090,1679,95,190,285,235,389,624,150,290,440,108,220,328,1,1,2,0,0,0,0,0,0,0,0,0
2021-01-13,465,890,1355,79,179,258,164,323,487,128,234,362,93,154,247,1,0,1,0,0,0,0,0,0,0,0,0
2021-01-14,798,1415,2213,169,279,448,292,487,779,216,394,610,121,254,375,0,1,1,0,0,0,0,0,0,0,0,0
2021-01-15,1192,2217,3409,215,450,665,465,770,1235,306,612,918,206,382,588,0,3,3,0,0,0,0,0,0,0,0,0
2021-01-16,475,854,1329,96,153,249,176,327,503,121,242,363,82,132,214,0,0,0,0,0,0,0,0,0,0,0,0
2021-01-17,285,544,829,66,93,159,113,214,327,72,153,225,34,84,118,0,0,0,0,0,0,0,0,0,0,0,0
2021-01-18,188,316,504,28,54,82,61,104,165,56,103,159,43,55,98,0,0,0,0,0,0,0,0,0,0,0,0
2021-01-19,284,469,753,36,67,103,81,169,250,94,145,239,71,87,158,2,1,3,0,0,0,0,0,0,0,0,0
2021-01-20,291,503,794,31,95,126,109,149,258,87,158,245,64,98,162,0,3,3,0,0,0,0,0,0,0,0,0
2021-01-21,129,191,320,23,30,53,44,53,97,35,65,100,22,41,63,5,1,6,0,1,1,0,0,0,0,0,0
2021-01-22,38,50,88,7,10,17,15,14,29,12,17,29,2,8,10,1,1,2,1,0,1,0,0,0,0,0,0
2021-01-23,118,200,318,10,21,31,45,79,124,39,60,99,23,40,63,1,0,1,0,0,0,0,0,0,0,0,0
2021-01-24,44,88,132,5,9,14,20,37,57,11,26,37,8,16,24,0,0,0,0,0,0,0,0,0,0,0,0
2021-01-25,282,463,745,45,79,124,84,148,232,81,144,225,70,90,160,2,2,4,0,0,0,0,0,0,0,0,0
2021-01-26,387,655,1042,43,105,148,148,187,335,110,219,329,81,140,221,5,4,9,0,0,0,0,0,0,0,0,0
2021-01-27,450,663,1113,75,116,191,170,195,365,119,195,314,82,155,237,4,2,6,0,0,0,0,0,0,0,0,0
2021-01-28,460,807,1267,76,145,221,152,273,425,128,225,353,103,163,266,1,1,2,0,0,0,0,0,0,0,0,0
2021-01-29,634,1061,1695,102,188,290,242,375,617,182,307,489,104,187,291,4,4,8,0,0,0,0,0,0,0,0,0
2021-01-30,152,260,412,19,39,58,59,104,163,45,77,122,29,40,69,0,0,0,0,0,0,0,0,0,0,0,0
2021-01-31,118,225,343,23,33,56,42,93,135,32,60,92,20,39,59,1,0,1,0,0,0,0,0,0,0,0,0
2021-02-01,547,944,1491,91,175,266,225,332,557,150,255,405,80,178,258,1,4,5,0,0,0,0,0,0,0,0,0
2021-02-02,1183,2005,3188,113,244,357,289,465,754,206,440,646,226,461,687,306,364,670,37,29,66,5,2,7,1,0,1
2021-02-03,1268,2312,3580,138,327,465,324,617,941,253,546,799,247,474,721,267,318,585,36,28,64,3,2,5,0,0,0
2021-02-04,1242,2327,3569,159,324,483,359,665,1024,292,566,858,221,482,703,167,251,418,39,36,75,4,3,7,1,0,1
2021-02-05,1911,3715,5626,280,578,858,620,1171,1791,405,909,1314,358,736,1094,191,276,467,52,42,94,5,3,8,0,0,0
2021-02-06,442,807,1249,81,118,199,136,277,413,116,230,346,86,155,241,22,26,48,1,1,2,0,0,0,0,0,0
2021-02-07,353,652,1005,54,90,144,113,237,350,110,192,302,58,111,169,16,21,37,2,1,3,0,0,0,0,0,0
2021-02-08,868,1595,2463,128,280,408,278,503,781,211,428,639,150,271,421,89,103,192,11,10,21,1,0,1,0,0,0
2021-02-09,993,1933,2926,141,342,483,304,571,875,228,462,690,181,405,586,120,146,266,14,7,21,5,0,5,0,0,0
2021-02-10,541,1030,1571,83,165,248,134,326,460,145,265,410,108,205,313,59,62,121,9,7,16,3,0,3,0,0,0
2021-02-11,453,1070,1523,71,181,252,144,349,493,97,271,368,71,198,269,57,63,120,12,8,20,1,0,1,0,0,0
2021-02-12,518,962,1480,74,159,233,170,336,506,118,279,397,92,139,231,48,41,89,13,8,21,3,0,3,0,0,0
2021-02-13,28,44,72,2,8,10,11,17,28,6,9,15,8,9,17,0,1,1,1,0,1,0,0,0,0,0,0
2021-02-14,6,25,31,2,7,9,2,8,10,0,10,10,2,0,2,0,0,0,0,0,0,0,0,0,0,0,0
2021-02-15,0,0,0,0,0,0,0,0,0,0,0,0,0,0,0,0,0,0,0,0,0,0,0,0,0,0,0
2021-02-16,11,36,47,1,1,2,8,18,26,2,13,15,0,3,3,0,0,0,0,1,1,0,0,0,0,0,0
2021-02-17,804,1511,2315,128,229,357,250,452,702,170,434,604,146,286,432,98,106,204,12,4,16,0,0,0,0,0,0
2021-02-18,1862,3898,5760,219,541,760,529,1051,1580,382,1029,1411,365,785,1150,269,391,660,79,95,174,19,6,25,0,0,0
2021-02-19,1682,3825,5507,197,536,733,452,1117,1569,430,986,1416,309,737,1046,213,336,549,66,103,169,12,10,22,3,0,3
2021-02-20,457,789,1246,45,84,129,138,273,411,113,193,306,88,151,239,53,82,135,19,6,25,1,0,1,0,0,0
2021-02-21,328,504,832,35,65,100,93,187,280,80,131,211,79,86,165,33,30,63,6,5,11,2,0,2,0,0,0
2021-02-22,3426,6245,9671,195,446,641,354,864,1218,270,701,971,255,547,802,312,314,626,395,534,929,1477,2413,3890,168,426,594
2021-02-23,3969,7389,11358,251,529,780,445,1097,1542,427,1003,1430,363,800,1163,478,613,1091,356,494,850,1471,2418,3889,178,435,613
2021-02-24,4054,7609,11663,257,464,721,552,1053,1605,447,966,1413,328,752,1080,385,506,891,400,617,1017,1521,2748,4269,164,503,667
2021-02-25,4043,7546,11589,235,532,767,525,1092,1617,495,897,1392,372,787,1159,346,493,839,335,573,908,1531,2662,4193,204,510,714
2021-02-26,3913,7875,11788,251,563,814,546,1119,1665,380,955,1335,396,858,1254,354,506,860,359,530,889,1439,2777,4216,188,567,755
2021-02-27,526,1109,1635,40,74,114,99,129,228,88,122,210,60,107,167,56,103,159,65,129,194,103,312,415,15,133,148
2021-02-28,155,353,508,15,17,32,30,58,88,17,35,52,13,17,30,35,33,68,15,38,53,25,93,118,5,62,67
2021-03-01,3086,6084,9170,111,234,345,263,529,792,224,399,623,165,383,548,193,250,443,358,560,918,1572,3195,4767,200,534,734
2021-03-02,3039,5890,8929,126,301,427,231,505,736,174,428,602,156,347,503,187,313,500,371,572,943,1585,2914,4499,209,510,719
2021-03-03,2884,5833,8717,133,258,391,251,595,846,221,496,717,159,388,547,138,236,374,305,519,824,1462,2796,4258,215,545,760
2021-03-04,1286,2879,4165,123,320,443,233,556,789,190,420,610,140,332,472,120,227,347,118,204,322,330,679,1009,32,141,173
2021-03-05,1119,2608,3727,95,246,341,248,578,826,197,548,745,165,402,567,120,217,337,75,143,218,186,391,577,33,83,116
2021-03-06,659,2335,2994,40,239,279,175,527,702,135,510,645,102,428,530,28,56,84,66,145,211,90,308,398,23,122,145
2021-03-07,648,2067,2715,35,191,226,146,490,636,147,456,603,122,361,483,35,44,79,68,132,200,75,251,326,20,142,162
2021-03-08,1458,3334,4792,92,255,347,185,445,630,135,389,524,138,350,488,131,274,405,179,308,487,526,1011,1537,72,302,374
2021-03-09,3765,6850,10615,157,306,463,334,687,1021,272,532,804,252,503,755,271,355,626,419,670,1089,1834,3128,4962,226,669,895
2021-03-10,4051,8728,12779,213,519,732,390,1124,1514,337,1110,1447,347,995,1342,224,334,558,406,646,1052,1886,3325,5211,248,675,923
2021-03-11,5187,12332,17519,410,915,1325,745,2035,2780,564,2186,2750,525,1624,2149,367,537,904,444,739,1183,1922,3655,5577,210,641,851
2021-03-12,3820,10320,14140,432,1052,1484,837,2531,3368,682,2529,3211,580,1862,2442,292,460,752,231,328,559,660,1284,1944,106,274,380
2021-03-13,1500,5109,6609,194,785,979,422,1505,1927,379,1402,1781,299,963,1262,90,129,219,30,80,110,69,176,245,17,69,86
2021-03-14,1044,3955,4999,97,513,610,305,1104,1409,292,1224,1516,242,936,1178,80,133,213,25,40,65,3,5,8,0,0,0
2021-03-15,2982,8987,11969,261,1028,1289,649,2214,2863,555,2169,2724,505,1692,2197,285,522,807,213,328,541,446,902,1348,68,132,200
2021-03-16,3932,9465,13397,267,845,1112,613,1783,2396,564,1722,2286,463,1429,1892,334,600,934,377,573,950,1204,2199,3403,110,314,424
2021-03-17,4183,9259,13442,295,681,976,623,1706,2329,579,1618,2197,448,1225,1673,392,707,1099,424,677,1101,1277,2312,3589,145,333,478
2021-03-18,4389,9887,14276,339,904,1243,748,1937,2685,685,1777,2462,582,1440,2022,326,592,918,441,694,1135,1128,2157,3285,140,386,526
2021-03-19,4174,9937,14111,358,1002,1360,784,2073,2857,777,1875,2652,632,1502,2134,254,388,642,304,511,815,913,2050,2963,152,536,688
2021-03-20,2187,4945,7132,70,222,292,208,476,684,191,465,656,197,471,668,458,1077,1535,385,624,1009,580,1300,1880,98,310,408
2021-03-21,1675,3467,5142,24,63,87,71,134,205,43,81,124,95,195,290,637,1420,2057,420,688,1108,331,709,1040,54,177,231
2021-03-22,2095,4494,6589,167,299,466,314,694,1008,245,579,824,232,644,876,577,1448,2025,469,685,1154,78,119,197,13,26,39
2021-03-23,3031,6979,10010,121,272,393,264,587,851,218,536,754,207,461,668,409,871,1280,455,743,1198,1156,2721,3877,201,788,989
2021-03-24,1860,4133,5993,6,17,23,12,28,40,10,27,37,38,62,100,238,566,804,343,658,1001,1056,2271,3327,157,504,661
2021-03-25,2116,4311,6427,131,300,431,263,565,828,246,441,687,163,323,486,95,156,251,306,461,767,791,1658,2449,121,407,528
2021-03-26,1116,2648,3764,37,97,134,109,199,308,79,176,255,89,141,230,123,386,509,182,395,577,415,932,1347,82,322,404
2021-03-27,738,1864,2602,2,6,8,5,15,20,3,13,16,5,22,27,17,40,57,151,330,481,486,1082,1568,69,356,425
2021-03-28,710,1886,2596,2,4,6,3,7,10,1,10,11,8,13,21,30,40,70,142,259,401,433,1144,1577,91,409,500
2021-03-29,2309,5866,8175,201,531,732,422,1100,1522,349,904,1253,282,746,1028,151,288,439,240,399,639,553,1408,1961,111,490,601
2021-03-30,3158,7255,10413,122,298,420,245,661,906,230,538,768,1055,2380,3435,768,1248,2016,370,696,1066,305,1046,1351,63,388,451
2021-03-31,4172,8529,12701,232,529,761,496,1243,1739,433,1083,1516,237,501,738,163,221,384,2047,3173,5220,463,1299,1762,101,480,581
2021-04-01,4534,7591,12125,24,29,53,28,85,113,541,1035,1576,389,754,1143,68,202,270,3068,4356,7424,350,863,1213,66,267,333
2021-04-02,4416,7219,11635,1,3,4,2,7,9,912,1734,2646,8,15,23,15,26,41,3167,4651,7818,273,612,885,38,171,209
2021-04-03,3754,6085,9839,1,8,9,7,4,11,7,7,14,8,7,15,9,11,20,3581,5642,9223,107,292,399,34,114,148
2021-04-04,1105,1748,2853,0,0,0,1,1,2,1,7,8,4,4,8,18,16,34,1071,1692,2763,5,17,22,5,11,16
2021-04-05,6084,9822,15906,87,131,218,76,202,278,79,214,293,81,198,279,137,196,333,5463,8521,13984,129,264,393,32,96,128
2021-04-06,6847,11037,17884,106,150,256,125,230,355,70,153,223,63,124,187,113,185,298,6109,9554,15663,217,488,705,44,153,197
2021-04-07,7564,11927,19491,92,121,213,125,267,392,74,174,248,80,143,223,653,814,1467,6133,9502,15635,344,729,1073,63,177,240
2021-04-08,8490,12116,20606,164,165,329,210,273,483,103,159,262,85,173,258,1529,2235,3764,6221,8812,15033,154,220,374,24,79,103
2021-04-09,7355,11295,18650,128,250,378,224,388,612,125,259,384,90,187,277,1343,1858,3201,5267,7878,13145,147,335,482,31,140,171
2021-04-10,3109,4770,7879,49,109,158,64,152,216,77,121,198,54,123,177,657,1008,1665,2147,3173,5320,54,54,108,7,30,37
2021-04-11,2914,4625,7539,48,108,156,97,183,280,53,163,216,65,167,232,599,911,1510,2019,3000,5019,29,62,91,4,31,35
2021-04-12,8119,12539,20658,131,243,374,181,353,534,116,227,343,109,198,307,1613,2308,3921,5855,8928,14783,90,200,290,24,82,106
2021-04-13,7681,11791,19472,206,190,396,233,337,570,218,236,454,194,371,565,1967,3418,5385,4720,6880,11600,123,262,385,20,97,117
2021-04-14,6605,9809,16414,233,76,309,182,166,348,156,186,342,67,68,135,817,1027,1844,3839,5934,9773,1170,1953,3123,141,399,540
2021-04-15,3286,5718,9004,137,47,184,101,41,142,80,24,104,42,48,90,1294,2817,4111,1530,2491,4021,83,195,278,19,55,74
2021-04-16,3806,5744,9550,100,33,133,48,27,75,42,24,66,16,18,34,632,839,1471,2585,3850,6435,320,759,1079,63,194,257
2021-04-17,318,488,806,16,14,30,25,17,42,37,33,70,37,31,68,43,40,83,140,272,412,18,57,75,2,24,26
2021-04-18,148,162,310,16,6,22,22,16,38,30,33,63,43,29,72,9,17,26,15,17,32,9,29,38,4,15,19
2021-04-19,4049,6368,10417,159,30,189,64,16,80,50,15,65,15,12,27,493,679,1172,2807,4398,7205,396,980,1376,65,238,303
2021-04-20,6171,10597,16768,163,63,226,81,70,151,67,86,153,453,1061,1514,3018,4935,7953,1606,2445,4051,585,1340,1925,198,597,795
2021-04-21,8418,12101,20519,84,46,130,51,46,97,47,47,94,85,216,301,7759,10939,18698,332,624,956,47,127,174,13,56,69
2021-04-22,10072,13944,24016,47,46,93,39,47,86,32,52,84,42,69,111,9462,12981,22443,372,592,964,69,124,193,9,33,42
2021-04-23,10205,13208,23413,26,47,73,48,56,104,52,75,127,70,76,146,9733,12353,22086,218,391,609,50,142,192,8,68,76
2021-04-24,2916,3518,6434,5,9,14,5,8,13,15,16,31,18,22,40,2619,3192,5811,215,188,403,29,63,92,10,20,30
2021-04-25,81,124,205,2,2,4,4,3,7,5,12,17,9,7,16,57,79,136,2,9,11,0,8,8,2,4,6
2021-04-26,1507,2385,3892,14,5,19,12,14,26,9,10,19,6,16,22,1317,2016,3333,128,222,350,15,76,91,6,26,32
2021-04-27,1389,2866,4255,76,72,148,49,92,141,44,67,111,35,58,93,903,1673,2576,231,724,955,45,143,188,6,37,43
2021-04-28,7073,16056,23129,725,1836,2561,1552,4315,5867,1288,3855,5143,1016,2959,3975,2248,2637,4885,204,322,526,34,96,130,6,36,42
2021-04-29,6543,13174,19717,453,1323,1776,1078,3200,4278,1034,2999,4033,864,2366,3230,2739,2678,5417,297,376,673,58,166,224,20,66,86
2021-04-30,1330,1993,3323,71,126,197,96,177,273,49,97,146,33,75,108,833,1114,1947,201,281,482,36,81,117,11,42,53
2021-05-01,539,1080,1619,13,32,45,60,105,165,23,61,84,23,43,66,311,593,904,91,158,249,16,59,75,2,29,31
2021-05-02,4306,9851,14157,308,942,1250,816,2173,2989,813,2076,2889,641,1626,2267,493,1051,1544,1191,1843,3034,38,99,137,6,41,47
2021-05-03,8212,11557,19769,56,105,161,103,165,268,53,89,142,823,1162,1985,4893,6499,11392,2185,3292,5477,82,185,267,17,60,77
2021-05-04,11571,14293,25864,93,125,218,97,178,275,48,99,147,1979,2471,4450,9031,10986,20017,267,315,582,43,78,121,13,41,54
2021-05-05,10660,15349,26009,122,189,311,213,192,405,230,138,368,576,671,1247,3115,4630,7745,6099,8752,14851,267,626,893,38,151,189
2021-05-06,3624,5369,8993,110,100,210,155,117,272,200,56,256,423,427,850,1657,2732,4389,991,1786,2777,68,114,182,20,37,57
2021-05-07,7973,13118,21091,136,288,424,228,520,748,197,386,583,258,509,767,1385,2815,4200,5630,8281,13911,115,231,346,24,88,112
2021-05-08,2395,15315,17710,183,1616,1799,471,3504,3975,506,4608,5114,565,3641,4206,577,1790,2367,69,94,163,14,40,54,10,22,32
2021-05-09,138,226,364,0,0,0,0,0,0,1,0,1,22,12,34,71,80,151,14,22,36,22,65,87,8,47,55
2021-05-10,833,2518,3351,26,42,68,31,54,85,28,44,72,149,252,401,319,1420,1739,198,462,660,66,170,236,16,74,90
2021-05-11,3295,3938,7233,21,36,57,31,62,93,33,56,89,630,746,1376,2397,2688,5085,132,187,319,37,105,142,14,58,72
2021-05-12,3572,4422,7994,36,35,71,47,62,109,44,63,107,683,796,1479,2490,2797,5287,170,376,546,86,204,290,16,89,105
2021-05-13,2904,5418,8322,57,108,165,96,237,333,80,162,242,181,317,498,888,1715,2603,1496,2523,4019,88,251,339,18,105,123
2021-05-14,1339,3076,4415,55,100,155,93,192,285,75,137,212,169,239,408,588,1475,2063,287,662,949,54,182,236,18,89,107
2021-05-15,6418,5178,11596,20,43,63,40,68,108,32,49,81,1197,1206,2403,4994,3461,8455,96,174,270,30,123,153,9,54,63
2021-05-16,873,2311,3184,58,192,250,208,701,909,253,710,963,177,401,578,129,156,285,25,43,68,13,75,88,10,33,43
2021-05-17,4283,4344,8627,53,91,144,173,422,595,107,291,398,840,781,1621,2820,2201,5021,232,384,616,42,114,156,16,60,76
2021-05-18,4572,3916,8488,29,53,82,63,77,140,63,82,145,864,846,1710,3416,2516,5932,100,199,299,28,96,124,9,47,56
2021-05-19,3459,3357,6816,41,101,142,111,216,327,46,119,165,633,640,1273,2446,1818,4264,137,329,466,35,93,128,10,41,51
2021-05-20,10578,11964,22542,72,147,219,151,241,392,88,181,269,2926,3315,6241,6592,6505,13097,576,1027,1603,148,440,588,25,108,133
2021-05-21,2151,4397,6548,105,261,366,189,549,738,108,400,508,97,347,444,450,833,1283,1119,1794,2913,75,159,234,8,54,62
2021-05-22,1526,2129,3655,53,76,129,43,63,106,23,63,86,208,261,469,968,1233,2201,195,342,537,31,70,101,5,21,26
2021-05-23,2376,2363,4739,25,46,71,26,67,93,25,41,66,1007,1090,2097,1186,883,2069,80,154,234,20,65,85,7,17,24
2021-05-24,694,1576,2270,37,82,119,66,133,199,39,102,141,224,240,464,272,882,1154,51,104,155,5,25,30,0,8,8
2021-05-25,4617,8498,13115,12,23,35,7,16,23,3,18,21,179,172,351,278,742,1020,479,837,1316,3253,5713,8966,406,977,1383
2021-05-26,2284,3418,5702,34,49,83,45,82,127,37,72,109,1073,966,2039,200,337,537,169,316,485,622,1318,1940,104,278,382
2021-05-27,9361,15052,24413,62,118,180,97,164,261,94,163,257,2683,2457,5140,286,209,495,693,1196,1889,4850,9131,13981,596,1614,2210
2021-05-28,10535,14899,25434,108,157,265,175,244,419,293,271,564,5792,6776,12568,231,241,472,523,819,1342,3032,5374,8406,381,1017,1398
2021-05-29,8976,8357,17333,4,8,12,11,12,23,631,474,1105,7764,6930,14694,191,231,422,78,130,208,263,496,759,34,76,110
2021-05-30,8317,7566,15883,7,11,18,8,10,18,1777,1543,3320,6381,5837,12218,84,78,162,23,28,51,31,48,79,6,11,17
2021-05-31,11561,15392,26953,97,178,275,165,286,451,6355,6060,12415,3404,5522,8926,613,872,1485,188,367,555,639,1716,2355,100,391,491
2021-06-01,11128,12611,23739,195,256,451,601,418,1019,7063,7377,14440,2189,2523,4712,117,173,290,162,278,440,736,1298,2034,65,288,353
2021-06-02,9066,12880,21946,618,654,1272,1705,2601,4306,4016,5290,9306,2027,2599,4626,166,233,399,130,217,347,333,961,1294,71,325,396
2021-06-03,12673,19505,32178,3020,5036,8056,5232,7966,13198,3265,4405,7670,579,848,1427,157,215,372,91,194,285,278,643,921,51,198,249
2021-06-04,13239,16287,29526,2967,3589,6556,4772,4746,9518,2954,4217,7171,1017,1394,2411,1054,1170,2224,303,531,834,136,491,627,36,149,185
2021-06-05,10932,10292,21224,2673,2383,5056,4790,3945,8735,1845,1737,3582,682,700,1382,655,739,1394,148,285,433,107,364,471,32,139,171
2021-06-06,8407,9808,18215,3043,4032,7075,3796,4096,7892,921,732,1653,424,377,801,76,83,159,57,132,189,68,211,279,22,145,167
2021-06-07,13649,14176,27825,3086,3359,6445,3306,2750,6056,3296,3142,6438,3335,3894,7229,382,402,784,124,222,346,87,265,352,33,142,175
2021-06-08,12649,17041,29690,1009,1489,2498,1360,2042,3402,1476,2054,3530,8083,9937,18020,148,198,346,193,331,524,323,722,1045,57,268,325
2021-06-09,12596,13149,25745,337,337,674,651,674,1325,705,559,1264,10708,11105,21813,94,130,224,55,87,142,32,147,179,14,110,124
2021-06-10,14285,14968,29253,766,865,1631,1055,1213,2268,1919,2009,3928,10104,10097,20201,292,374,666,87,159,246,43,162,205,19,89,108
2021-06-11,9770,15841,25611,199,237,436,469,307,776,750,663,1413,1383,1497,2880,136,243,379,929,1457,2386,5362,9847,15209,542,1590,2132
2021-06-12,6333,7860,14193,438,594,1032,612,798,1410,1353,1554,2907,3087,3028,6115,48,83,131,145,295,440,570,1184,1754,80,324,404
2021-06-13,4112,4400,8512,202,255,457,283,330,613,908,963,1871,2637,2724,5361,37,40,77,12,19,31,27,60,87,6,9,15
2021-06-14,6103,6698,12801,748,854,1602,1032,1070,2102,1352,1350,2702,2660,2823,5483,48,68,116,41,96,137,198,343,541,24,94,118
2021-06-15,13968,13678,27646,121,180,301,205,286,491,436,455,891,12545,11621,24166,218,224,442,144,310,454,260,483,743,39,119,158
2021-06-16,7611,10265,17876,424,633,1057,836,1057,1893,1791,2112,3903,2052,2243,4295,162,217,379,1895,2763,4658,378,923,1301,73,317,390
2021-06-17,11568,14298,25866,197,287,484,440,442,882,2984,3229,6213,4192,4304,8496,529,684,1213,2754,4064,6818,393,956,1349,79,332,411
2021-06-18,14460,15227,29687,666,830,1496,1068,1123,2191,8426,8027,16453,3216,3293,6509,403,546,949,491,797,1288,161,440,601,29,171,200
2021-06-19,10637,11579,22216,216,301,517,147,249,396,8306,8446,16752,1465,1436,2901,252,284,536,104,216,320,115,419,534,32,228,260
2021-06-20,6,5,11,0,2,2,3,0,3,1,2,3,1,0,1,0,1,1,1,0,1,0,0,0,0,0,0
2021-06-21,6033,6127,12160,26,23,49,40,57,97,5062,5010,10072,655,625,1280,157,190,347,68,95,163,19,90,109,6,37,43
2021-06-22,5110,5210,10320,157,258,415,215,287,502,2353,2219,4572,1733,1509,3242,445,483,928,147,212,359,42,160,202,18,82,100
2021-06-23,9609,9625,19234,142,241,383,190,364,554,7893,7562,15455,1107,926,2033,141,223,364,67,118,185,55,131,186,14,60,74
2021-06-24,15424,19472,34896,207,410,617,644,4175,4819,13095,13023,26118,1081,1188,2269,232,315,547,128,215,343,32,107,139,5,39,44
2021-06-25,12919,18809,31728,404,1188,1592,721,3043,3764,4839,4939,9778,971,1119,2090,4579,6221,10800,1177,1651,2828,192,506,698,36,142,178
2021-06-26,9331,12043,21374,38,42,80,40,53,93,845,839,1684,566,701,1267,6861,8747,15608,794,1218,2012,159,342,501,28,101,129
2021-06-27,8169,9029,17198,65,109,174,79,142,221,3528,3602,7130,2788,2820,5608,1054,1238,2292,550,829,1379,87,241,328,18,48,66
2021-06-28,17308,19755,37063,699,1672,2371,613,2420,3033,13843,12917,26760,1259,1287,2546,698,1018,1716,145,259,404,40,109,149,11,73,84
2021-06-29,18283,18691,36974,202,357,559,463,824,1287,15779,14928,30707,757,790,1547,714,1051,1765,244,423,667,110,235,345,14,83,97
2021-06-30,19610,19341,38951,162,209,371,5165,4913,10078,12280,11672,23952,680,661,1341,1171,1531,2702,105,193,298,37,96,133,10,66,76
2021-07-01,12787,13440,26227,114,225,339,4823,4771,9594,5558,5249,10807,961,1062,2023,809,1103,1912,357,577,934,139,328,467,26,125,151
2021-07-02,9879,18327,28206,588,1199,1787,2354,3769,6123,1525,1742,3267,355,527,882,830,1389,2219,649,1204,1853,3103,6881,9984,475,1616,2091
2021-07-03,10947,12333,23280,24,43,67,6056,5331,11387,2555,2732,5287,502,577,1079,415,543,958,338,629,967,929,1978,2907,128,500,628
2021-07-04,10445,10351,20796,515,847,1362,9199,8457,17656,408,471,879,134,125,259,91,132,223,59,81,140,28,154,182,11,84,95
2021-07-05,5070,5525,10595,269,408,677,3532,3014,6546,250,286,536,138,134,272,319,462,781,238,412,650,281,614,895,43,195,238
2021-07-06,13033,12198,25231,429,670,1099,11627,9856,21483,275,328,603,192,246,438,182,215,397,104,220,324,188,495,683,36,168,204
2021-07-07,5690,6324,12014,166,159,325,3955,3588,7543,680,933,1613,257,405,662,149,222,371,152,312,464,284,549,833,47,156,203
2021-07-08,18854,16318,35172,373,533,906,15056,12317,27373,2294,2071,4365,716,734,1450,283,360,643,71,127,198,46,134,180,15,42,57
2021-07-09,12864,13043,25907,676,726,1402,8693,8240,16933,2220,2201,4421,841,838,1679,269,416,685,139,523,662,22,78,100,4,21,25
2021-07-10,10796,11474,22270,1460,1764,3224,7965,7830,15795,383,432,815,181,232,413,464,550,1014,255,423,678,77,193,270,11,50,61
2021-07-11,2155,3661,5816,259,363,622,1068,1290,2358,161,382,543,72,201,273,24,40,64,112,206,318,406,963,1369,53,216,269
2021-07-12,17979,16008,33987,3053,2949,6002,13984,11754,25738,444,535,979,232,276,508,108,172,280,60,127,187,81,147,228,17,48,65
2021-07-13,10332,8792,19124,1785,1637,3422,7356,5995,13351,757,637,1394,274,278,552,100,105,205,40,65,105,14,45,59,6,30,36
2021-07-14,3488,3322,6810,636,724,1360,2286,1908,4194,309,368,677,163,167,330,56,63,119,17,47,64,15,27,42,6,18,24
2021-07-15,14014,19680,33694,425,714,1139,1288,2374,3662,6882,7065,13947,1205,2364,3569,715,1143,1858,2570,3781,6351,806,1778,2584,123,461,584
2021-07-16,13865,19765,33630,346,425,771,1024,2994,4018,7278,8063,15341,498,678,1176,152,198,350,4088,6054,10142,408,1069,1477,71,284,355
2021-07-17,12211,13460,25671,1411,1747,3158,5137,5399,10536,4260,4480,8740,782,851,1633,248,263,511,294,504,798,64,171,235,15,45,60
2021-07-18,11218,11976,23194,3001,3789,6790,2906,2638,5544,3618,3618,7236,1440,1458,2898,167,236,403,64,138,202,19,78,97,3,21,24
2021-07-19,16651,17979,34630,2692,3304,5996,1467,2568,4035,10852,10016,20868,1104,1101,2205,201,227,428,132,215,347,155,429,584,48,119,167
2021-07-20,18509,19689,38198,7449,8493,15942,2534,2899,5433,7352,6738,14090,723,770,1493,192,237,429,156,299,455,85,193,278,18,60,78
2021-07-21,18623,18867,37490,13962,14055,28017,3323,3315,6638,689,720,1409,335,323,658,156,152,308,127,227,354,24,51,75,7,24,31
2021-07-22,19041,17467,36508,13002,11643,24645,4089,3605,7694,1175,1164,2339,503,612,1115,164,233,397,70,95,165,29,78,107,9,37,46
2021-07-23,15525,17582,33107,5960,7134,13094,2808,2896,5704,5659,6051,11710,786,947,1733,199,301,500,79,132,211,31,86,117,3,35,38
2021-07-24,14264,14627,28891,739,976,1715,492,456,948,5668,5464,11132,6931,7086,14017,257,317,574,94,121,215,77,157,234,6,50,56
2021-07-25,11605,13849,25454,6906,9095,16001,2929,2769,5698,901,1033,1934,621,622,1243,195,207,402,34,57,91,15,40,55,4,26,30
2021-07-26,17582,21873,39455,5549,7006,12555,4436,5697,10133,4589,5407,9996,2422,2739,5161,370,512,882,146,311,457,62,148,210,8,53,61
2021-07-27,15265,18844,34109,7089,8291,15380,2984,3843,6827,2810,3616,6426,1243,1481,2724,802,899,1701,234,402,636,84,245,329,19,67,86
2021-07-28,17799,20481,38280,15281,17165,32446,1281,1489,2770,730,1031,1761,317,469,786,129,175,304,34,83,117,18,47,65,9,22,31
2021-07-29,19023,18240,37263,15196,14253,29449,2014,1883,3897,1071,1231,2302,485,528,1013,168,179,347,65,77,142,17,52,69,7,37,44
2021-07-30,16604,16394,32998,5800,5344,11144,6068,5886,11954,3362,3467,6829,1044,1169,2213,231,285,516,61,144,205,34,57,91,4,42,46
2021-07-31,14495,11235,25730,1626,1723,3349,7687,6636,14323,4280,2022,6302,630,494,1124,197,191,388,49,78,127,20,61,81,6,30,36
2021-08-01,6369,7783,14152,1429,1900,3329,2828,3500,6328,1381,1433,2814,480,547,1027,185,234,419,47,95,142,16,50,66,3,24,27
2021-08-02,18645,18111,36756,2964,3346,6310,11158,9882,21040,3584,3717,7301,687,753,1440,173,232,405,57,104,161,16,57,73,6,20,26
2021-08-03,16464,15377,31841,8063,7339,15402,2974,2694,5668,2582,2192,4774,2478,2705,5183,290,276,566,55,90,145,15,57,72,7,24,31
2021-08-04,12970,15255,28225,1987,2556,4543,2745,2863,5608,1617,2012,3629,6344,7426,13770,186,236,422,68,97,165,20,47,67,3,18,21
2021-08-05,9169,8952,18121,3709,3485,7194,3606,3395,7001,1269,1288,2557,423,496,919,124,154,278,27,86,113,10,30,40,1,18,19
2021-08-06,4457,5375,9832,670,786,1456,866,786,1652,368,349,717,208,248,456,1114,1473,2587,1200,1661,2861,27,56,83,4,16,20
2021-08-07,10270,14463,24733,1096,905,2001,66,70,136,51,68,119,60,62,122,1305,1884,3189,7588,11251,18839,89,177,266,15,46,61
2021-08-08,9106,12979,22085,8,17,25,14,18,32,10,16,26,28,62,90,5299,7256,12555,3619,5360,8979,110,212,322,18,38,56
2021-08-09,14291,19690,33981,137,158,295,213,216,429,173,236,409,1044,1532,2576,10619,14596,25215,2000,2687,4687,93,219,312,12,46,58
2021-08-10,14394,19043,33437,353,421,774,503,532,1035,1186,837,2023,1352,1811,3163,7290,9820,17110,3570,5324,8894,120,243,363,20,55,75
2021-08-11,15037,16658,31695,1327,1117,2444,290,450,740,304,431,735,2433,2630,5063,8851,9095,17946,1689,2651,4340,127,229,356,16,55,71
2021-08-12,9675,12954,22629,384,433,817,255,287,542,231,277,508,1813,2277,4090,3734,4320,8054,3113,4995,8108,120,297,417,25,68,93
2021-08-13,13114,18222,31336,119,129,248,188,183,371,148,193,341,375,451,826,5617,6991,12608,6320,9367,15687,299,726,1025,48,182,230
2021-08-14,8447,12739,21186,89,136,225,159,219,378,163,312,475,1602,2183,3785,5549,8185,13734,784,1397,2181,83,244,327,18,63,81
2021-08-15,11667,12641,24308,470,563,1033,804,972,1776,1415,1426,2841,6742,7031,13773,1703,1630,3333,437,759,1196,78,192,270,18,68,86
2021-08-16,9414,11939,21353,1421,1592,3013,1141,1258,2399,2515,2941,5456,1917,2359,4276,1105,1419,2524,1154,1924,3078,132,352,484,29,94,123
2021-08-17,16201,14068,30269,7571,6660,14231,6264,5474,11738,1383,1221,2604,791,418,1209,139,181,320,34,67,101,14,41,55,5,6,11
2021-08-18,11493,12370,23863,4864,4603,9467,1417,1757,3174,1199,1378,2577,1757,1880,3637,1705,1714,3419,475,832,1307,67,163,230,9,43,52
2021-08-19,6016,6245,12261,2420,2301,4721,814,799,1613,475,585,1060,1450,1398,2848,587,655,1242,231,409,640,34,77,111,5,21,26
2021-08-20,13287,12385,25672,2505,2569,5074,1523,1156,2679,1224,1005,2229,7735,7187,14922,209,252,461,69,151,220,19,53,72,3,12,15
2021-08-21,9394,12180,21574,1589,2118,3707,2267,3352,5619,2202,2943,5145,2845,3099,5944,378,421,799,88,157,245,20,68,88,5,22,27
2021-08-22,9953,11250,21203,1542,1951,3493,5265,5502,10767,1745,2116,3861,967,1124,2091,350,418,768,68,108,176,14,29,43,2,2,4
2021-08-23,17355,15717,33072,7361,6941,14302,7729,6304,14033,1321,1345,2666,675,719,1394,208,251,459,47,100,147,13,39,52,1,18,19
2021-08-24,12492,13234,25726,9008,9259,18267,1922,1808,3730,804,955,1759,543,762,1305,168,276,444,36,110,146,7,46,53,4,18,22
2021-08-25,15756,15836,31592,2369,2412,4781,1176,1543,2719,6772,6406,13178,4892,4746,9638,408,468,876,105,151,256,29,81,110,5,29,34
2021-08-26,15183,17711,32894,1911,2487,4398,932,1314,2246,586,838,1424,3745,3681,7426,6722,6899,13621,1114,1953,3067,140,428,568,33,111,144
2021-08-27,18519,18121,36640,10954,10842,21796,3404,2771,6175,1011,1036,2047,2440,2522,4962,560,661,1221,117,192,309,28,71,99,5,26,31
2021-08-28,11100,13349,24449,8198,10494,18692,1656,1447,3103,780,720,1500,336,449,785,84,113,197,36,90,126,8,30,38,2,6,8
2021-08-29,11505,12857,24362,978,1273,2251,555,714,1269,2030,2114,4144,7447,8036,15483,322,416,738,121,232,353,47,58,105,5,14,19
2021-08-30,16055,16827,32882,4043,3686,7729,2371,2313,4684,3188,2990,6178,3916,3964,7880,1657,2129,3786,750,1307,2057,117,347,464,13,91,104
2021-08-31,15724,17465,33189,11173,12742,23915,2044,1872,3916,1598,1668,3266,644,728,1372,177,264,441,66,115,181,17,56,73,5,20,25
2021-09-01,16071,17157,33228,14466,14395,28861,609,661,1270,384,517,901,270,475,745,237,740,977,90,288,378,14,70,84,1,11,12
2021-09-02,15986,19088,35074,9725,9733,19458,1546,2375,3921,2657,3858,6515,1517,2329,3846,363,499,862,155,216,371,20,69,89,3,9,12
2021-09-03,14729,17251,31980,6103,6145,12248,1641,1748,3389,4339,5765,10104,1625,2154,3779,825,1056,1881,163,286,449,30,73,103,3,24,27
2021-09-04,12168,12066,24234,3298,3309,6607,3444,3184,6628,4736,4769,9505,529,533,1062,115,164,279,39,70,109,6,33,39,1,4,5
2021-09-05,12271,12148,24419,1260,1342,2602,2424,2308,4732,7656,7527,15183,764,733,1497,123,176,299,38,39,77,5,17,22,1,6,7
2021-09-06,16307,15899,32206,1592,1500,3092,668,754,1422,10885,10780,21665,2622,2261,4883,418,510,928,94,19,113,20,62,82,8,13,21
2021-09-07,18209,20240,38449,967,1373,2340,1680,2528,4208,8141,7639,15780,3666,3833,7499,2967,3458,6425,664,1033,1697,97,309,406,27,67,94
2021-09-08,10552,10596,21148,2521,2204,4725,2696,2529,5225,3036,3156,6192,1468,1601,3069,623,667,1290,167,278,445,36,122,158,5,39,44
2021-09-09,15237,15075,30312,2473,2619,5092,9228,8449,17677,2193,2394,4587,1065,1175,2240,214,265,479,48,94,142,13,67,80,3,12,15
2021-09-10,5054,5443,10497,2279,2178,4457,784,963,1747,387,428,815,1194,1309,2503,330,404,734,62,121,183,16,36,52,2,4,6
2021-09-11,3400,3271,6671,685,685,1370,1659,1399,3058,259,298,557,693,759,1452,74,80,154,28,32,60,2,15,17,0,3,3
2021-09-12,863,981,1844,217,283,500,345,334,679,187,217,404,91,112,203,18,20,38,5,12,17,0,2,2,0,1,1
2021-09-13,7402,7280,14682,4362,4522,8884,2642,2313,4955,208,226,434,118,123,241,39,37,76,18,23,41,9,25,34,6,11,17
2021-09-14,6490,7599,14089,493,599,1092,414,470,884,391,450,841,4257,4525,8782,753,1249,2002,154,219,373,25,65,90,3,22,25
2021-09-15,17609,19955,37564,1144,1584,2728,1646,2313,3959,3395,3869,7264,8712,8851,17563,2389,2750,5139,234,411,645,71,138,209,18,39,57
2021-09-16,16662,18991,35653,2391,3405,5796,9600,10123,19723,2406,2588,4994,1362,1677,3039,726,831,1557,132,249,381,37,95,132,8,23,31
2021-09-17,14022,14233,28255,8438,8585,17023,3146,2925,6071,1304,1336,2640,798,873,1671,231,301,532,79,127,206,21,67,88,5,19,24
2021-09-18,12228,13204,25432,8618,8989,17607,2122,2206,4328,911,1140,2051,452,602,1054,96,173,269,19,61,80,8,28,36,2,5,7
2021-09-19,9193,9347,18540,5310,5089,10399,2131,2145,4276,1036,1146,2182,514,561,1075,131,189,320,53,138,191,17,63,80,1,16,17
2021-09-20,7224,6943,14167,3459,3325,6784,2209,1871,4080,860,915,1775,431,453,884,175,205,380,77,126,203,10,40,50,3,8,11
2021-09-21,12394,11553,23947,10045,9311,19356,1352,1084,2436,552,545,1097,293,350,643,107,168,275,31,61,92,11,23,34,3,11,14
2021-09-22,8663,7849,16512,5568,4884,10452,2010,1636,3646,579,600,1179,293,364,657,132,169,301,61,127,188,16,47,63,4,22,26
2021-09-23,5840,5965,11805,3965,4074,8039,1081,966,2047,451,465,916,234,269,503,57,97,154,41,56,97,11,30,41,0,8,8
2021-09-24,5771,5935,11706,2974,3054,6028,1234,1231,2465,983,939,1922,427,442,869,102,145,247,39,70,109,10,38,48,2,16,18
2021-09-25,3685,3076,6761,1130,934,2064,1329,845,2174,574,612,1186,501,535,1036,124,108,232,18,27,45,8,11,19,1,4,5
2021-09-26,12296,11255,23551,685,770,1455,1621,1666,3287,5072,4450,9522,4531,3819,8350,319,374,693,54,107,161,12,59,71,2,10,12
2021-09-27,11973,11069,23042,1892,2258,4150,5452,4760,10212,3185,2668,5853,1187,970,2157,188,249,437,46,88,134,22,56,78,1,20,21
2021-09-28,14107,14032,28139,1015,967,1982,9723,8280,18003,1253,1426,2679,803,951,1754,557,775,1332,602,1125,1727,138,409,547,16,99,115
2021-09-29,8780,8640,17420,2576,2770,5346,4426,3812,8238,877,886,1763,548,566,1114,205,248,453,113,226,339,35,104,139,0,28,28
2021-09-30,8596,9921,18517,5379,5780,11159,1118,1379,2497,1062,974,2036,739,1076,1815,227,479,706,56,161,217,14,62,76,1,10,11
2021-10-01,5686,5619,11305,2925,3025,5950,1256,1240,2496,857,713,1570,492,422,914,121,128,249,30,56,86,5,29,34,0,6,6
2021-10-02,2867,2808,5675,1185,1223,2408,845,722,1567,490,472,962,242,214,456,74,95,169,21,49,70,9,26,35,1,7,8
2021-10-03,3208,2790,5998,1517,1328,2845,1013,748,1761,411,355,766,159,180,339,80,109,189,19,45,64,8,21,29,1,4,5
2021-10-04,5748,5510,11258,2509,2337,4846,1864,1575,3439,732,723,1455,411,466,877,161,256,417,54,98,152,13,41,54,4,14,18
2021-10-05,3444,3379,6823,1392,1435,2827,959,824,1783,591,567,1158,358,376,734,110,109,219,23,35,58,8,25,33,3,8,11
2021-10-06,7226,7377,14603,5596,5821,11417,747,632,1379,479,447,926,264,282,546,94,110,204,31,43,74,12,29,41,3,13,16
2021-10-07,3083,3038,6121,1326,1166,2492,853,792,1645,415,440,855,329,385,714,125,164,289,27,57,84,3,25,28,5,9,14
2021-10-08,10671,10462,21133,664,918,1582,6171,5470,11641,1210,1307,2517,1389,1473,2862,1170,1157,2327,49,90,139,17,41,58,1,6,7
2021-10-09,9837,9669,19506,622,748,1370,4488,3970,8458,1234,1245,2479,2273,2353,4626,1165,1219,2384,43,93,136,12,34,46,0,7,7
2021-10-10,7004,7171,14175,441,623,1064,3583,3315,6898,785,891,1676,1336,1359,2695,823,892,1715,25,61,86,10,24,34,1,6,7
2021-10-11,4632,4530,9162,2583,2412,4995,1073,1040,2113,570,531,1101,276,310,586,84,124,208,35,67,102,10,42,52,1,4,5
2021-10-12,10956,10252,21208,6805,6103,12908,1394,1317,2711,1293,1336,2629,945,950,1895,434,424,858,69,87,156,15,28,43,1,7,8
2021-10-13,16581,17495,34076,15170,15851,31021,442,476,918,437,467,904,354,441,795,144,179,323,19,37,56,12,27,39,3,17,20
2021-10-14,13156,13053,26209,9743,9463,19206,1728,1713,3441,881,895,1776,530,614,1144,197,229,426,57,80,137,16,47,63,4,12,16
2021-10-15,12966,12520,25486,7492,6744,14236,3212,3019,6231,1331,1373,2704,628,827,1455,218,381,599,67,117,184,16,44,60,2,15,17
2021-10-16,8776,8948,17724,6383,6283,12666,1296,1326,2622,632,740,1372,309,350,659,119,152,271,30,64,94,7,23,30,0,10,10
2021-10-17,3120,3569,6689,2106,2228,4334,423,530,953,281,350,631,200,266,466,86,120,206,20,49,69,3,22,25,1,4,5
2021-10-18,12198,11806,24004,9735,9493,19228,998,861,1859,830,710,1540,479,468,947,132,196,328,19,42,61,5,23,28,0,13,13
2021-10-19,9242,8855,18097,5792,5559,11351,1553,1348,2901,1024,990,2014,535,556,1091,293,318,611,33,57,90,11,18,29,1,9,10
2021-10-20,8972,8603,17575,7117,6853,13970,836,728,1564,586,544,1130,290,285,575,112,117,229,21,49,70,7,21,28,3,6,9
2021-10-21,10837,11222,22059,8572,9056,17628,1052,899,1951,584,537,1121,368,365,733,196,228,424,37,64,101,26,49,75,2,24,26
2021-10-22,13812,14600,28412,10926,11329,22255,1369,1389,2758,683,802,1485,586,656,1242,191,264,455,43,96,139,14,55,69,0,9,9
2021-10-23,8706,8787,17493,7457,7535,14992,688,664,1352,259,284,543,176,164,340,89,83,172,23,35,58,10,17,27,4,5,9
2021-10-24,9161,9132,18293,8695,8622,17317,192,198,390,126,142,268,79,81,160,49,58,107,13,21,34,5,7,12,2,3,5
2021-10-25,9955,10295,20250,8029,7892,15921,855,877,1732,599,692,1291,299,418,717,113,227,340,44,120,164,13,56,69,3,13,16
2021-10-26,11768,11432,23200,10331,10050,20381,770,678,1448,329,343,672,209,194,403,87,78,165,28,42,70,12,31,43,2,16,18
2021-10-27,12422,12645,25067,11172,11315,22487,565,573,1138,370,370,740,204,210,414,74,109,183,32,46,78,5,19,24,0,3,3
2021-10-28,12776,12928,25704,11287,11355,22642,673,623,1296,414,424,838,258,277,535,95,142,237,36,56,92,8,35,43,5,16,21
2021-10-29,12484,12463,24947,11589,11550,23139,480,430,910,211,239,450,123,119,242,60,61,121,14,31,45,6,24,30,1,9,10
2021-10-30,8548,8644,17192,7939,8020,15959,330,306,636,154,160,314,80,83,163,40,44,84,3,22,25,2,7,9,0,2,2
2021-10-31,8043,7891,15934,7367,7253,14620,337,339,676,180,147,327,101,85,186,35,35,70,16,23,39,5,7,12,2,2,4
2021-11-01,7953,7141,15094,4593,4381,8974,2296,1695,3991,634,518,1152,281,301,582,121,155,276,25,66,91,3,16,19,0,9,9
2021-11-02,3912,3903,7815,2458,2204,4662,842,847,1689,330,409,739,183,248,431,67,114,181,14,46,60,8,23,31,10,12,22
2021-11-03,9431,10073,19504,8810,9451,18261,280,247,527,178,161,339,109,108,217,35,58,93,11,26,37,7,16,23,1,6,7
2021-11-04,9671,9753,19424,9102,9114,18216,249,273,522,164,149,313,86,83,169,36,62,98,19,46,65,10,18,28,5,8,13
2021-11-05,3905,3505,7410,3366,2987,6353,217,216,433,137,124,261,115,80,195,41,49,90,19,23,42,9,17,26,1,9,10
2021-11-06,3294,3270,6564,2882,2802,5684,180,179,359,96,114,210,87,103,190,34,35,69,8,22,30,5,13,18,2,2,4
2021-11-07,3231,3121,6352,2739,2659,5398,221,203,424,132,108,240,79,58,137,36,46,82,16,24,40,8,16,24,0,7,7
2021-11-08,8868,9134,18002,8104,8149,16253,341,391,732,208,244,452,133,180,313,57,92,149,20,57,77,4,11,15,1,10,11
2021-11-09,4107,4144,8251,3558,3492,7050,260,277,537,160,167,327,89,114,203,31,46,77,6,29,35,3,11,14,0,8,8
2021-11-10,5942,5513,11455,5431,4928,10359,241,251,492,124,126,250,69,83,152,53,51,104,20,40,60,3,21,24,1,13,14
2021-11-11,4965,4757,9722,4293,4046,8339,308,252,560,164,172,336,101,127,228,43,69,112,31,49,80,21,34,55,4,8,12
2021-11-12,7541,7620,15161,6857,6875,13732,251,251,502,217,226,443,117,106,223,62,88,150,24,45,69,8,20,28,5,9,14
2021-11-13,1166,1066,2232,1152,1052,2204,5,3,8,4,3,7,1,3,4,2,4,6,0,1,1,1,0,1,1,0,1
2021-11-14,1383,1368,2751,1368,1357,2725,7,6,13,5,3,8,3,0,3,0,2,2,0,0,0,0,0,0,0,0,0
2021-11-15,6729,6757,13486,6024,5996,12020,248,274,522,241,244,485,169,162,331,34,40,74,9,25,34,4,14,18,0,2,2
2021-11-16,10048,9712,19760,7659,7593,15252,1038,850,1888,867,735,1602,311,296,607,132,153,285,32,45,77,7,31,38,2,9,11
2021-11-17,11953,11692,23645,11377,11063,22440,316,281,597,128,150,278,86,101,187,27,44,71,9,27,36,4,16,20,6,10,16
2021-11-18,11564,11316,22880,11046,10780,21826,231,210,441,155,149,304,86,89,175,32,42,74,9,18,27,3,16,19,2,12,14
2021-11-19,11141,10845,21986,10254,9890,20144,409,398,807,228,235,463,152,178,330,63,78,141,28,38,66,7,20,27,0,8,8
2021-11-20,3672,3890,7562,3309,3487,6796,139,134,273,100,115,215,78,73,151,24,47,71,13,21,34,7,11,18,2,2,4
2021-11-21,3801,3893,7694,3298,3348,6646,177,182,359,136,155,291,118,126,244,50,52,102,14,19,33,6,8,14,2,3,5
2021-11-22,4747,4812,9559,4245,4271,8516,211,225,436,141,125,266,98,106,204,37,37,74,11,28,39,3,13,16,1,7,8
2021-11-23,7496,7532,15028,6631,6676,13307,405,376,781,230,217,447,158,154,312,45,63,108,18,24,42,7,17,24,2,5,7
2021-11-24,8470,8247,16717,7579,7396,14975,447,370,817,241,220,461,136,148,284,38,63,101,17,27,44,9,18,27,3,5,8
2021-11-25,2545,2442,4987,1918,1797,3715,347,274,621,150,183,333,62,82,144,38,51,89,15,24,39,10,27,37,5,4,9
2021-11-26,6215,6100,12315,5166,5093,10259,457,421,878,302,271,573,184,154,338,62,88,150,29,45,74,13,18,31,2,10,12
2021-11-27,5058,5074,10132,4545,4477,9022,196,212,408,139,152,291,111,124,235,43,58,101,16,27,43,4,16,20,4,8,12
2021-11-28,4802,4557,9359,4346,4081,8427,225,232,457,114,125,239,64,63,127,39,25,64,9,21,30,5,8,13,0,2,2
2021-11-29,4691,4688,9379,3906,3886,7792,399,393,792,227,214,441,112,99,211,31,58,89,10,23,33,4,8,12,2,7,9
2021-11-30,5753,5706,11459,4720,4615,9335,574,553,1127,242,224,466,118,146,264,69,96,165,20,45,65,7,17,24,3,10,13
2021-12-01,7071,6714,13785,6158,5725,11883,433,403,836,229,229,458,160,170,330,58,108,166,25,49,74,7,22,29,1,8,9
2021-12-02,7217,7352,14569,6116,6035,12151,514,484,998,367,407,774,133,231,364,57,88,145,24,65,89,5,28,33,1,14,15
2021-12-03,2382,2302,4684,1797,1704,3501,299,287,586,136,129,265,76,85,161,52,51,103,18,31,49,3,12,15,1,3,4
2021-12-04,2525,2556,5081,2177,2208,4385,136,133,269,105,84,189,52,62,114,34,36,70,16,20,36,5,8,13,0,5,5
2021-12-05,1968,2015,3983,1635,1635,3270,170,165,335,73,90,163,53,63,116,26,36,62,7,14,21,3,8,11,1,4,5
2021-12-06,5271,5251,10522,4467,4371,8838,372,375,747,235,263,498,121,135,256,49,60,109,21,29,50,5,14,19,1,4,5
2021-12-07,4027,4052,8079,3110,3093,6203,453,436,889,244,253,497,130,122,252,58,88,146,27,41,68,3,15,18,2,4,6
2021-12-08,3060,3007,6067,2474,2449,4923,245,210,455,146,137,283,123,110,233,48,56,104,18,26,44,4,11,15,2,8,10
2021-12-09,5366,5242,10608,4830,4646,9476,239,223,462,144,157,301,85,97,182,43,60,103,19,39,58,5,18,23,1,2,3
2021-12-10,3397,3237,6634,2927,2717,5644,226,211,437,118,106,224,65,90,155,42,52,94,12,26,38,7,18,25,0,17,17
2021-12-11,2303,2335,4638,1829,1867,3696,228,181,409,106,117,223,74,91,165,46,39,85,15,21,36,5,16,21,0,3,3
2021-12-12,2154,1992,4146,1564,1432,2996,331,271,602,145,143,288,71,79,150,36,42,78,6,17,23,1,7,8,0,1,1
2021-12-13,2172,2059,4231,1399,1379,2778,419,351,770,191,149,340,107,99,206,38,43,81,12,23,35,5,12,17,1,3,4
2021-12-14,3095,3108,6203,2354,2351,4705,348,310,658,202,217,419,114,102,216,53,67,120,15,32,47,7,21,28,2,8,10
2021-12-15,3053,3040,6093,2370,2326,4696,297,248,545,184,181,365,126,142,268,56,74,130,17,47,64,2,14,16,1,8,9
2021-12-16,3146,2952,6098,2531,2390,4921,309,225,534,159,139,298,94,93,187,35,50,85,12,35,47,5,14,19,1,6,7
2021-12-17,2865,2864,5729,2338,2238,4576,245,225,470,135,139,274,77,126,203,48,66,114,15,37,52,5,27,32,2,6,8
2021-12-18,2313,2237,4550,1689,1642,3331,267,224,491,176,181,357,106,89,195,48,58,106,16,20,36,10,18,28,1,5,6
2021-12-19,2444,2279,4723,1820,1699,3519,299,271,570,177,140,317,92,92,184,35,34,69,12,18,30,8,15,23,1,10,11
2021-12-20,3483,3182,6665,2575,2338,4913,483,415,898,241,204,445,114,102,216,41,47,88,16,36,52,9,28,37,4,12,16
2021-12-21,4012,3579,7591,2977,2682,5659,533,437,970,277,216,493,150,155,305,51,41,92,16,18,34,6,18,24,2,12,14
2021-12-22,4274,3972,8246,3350,3011,6361,408,362,770,243,255,498,166,151,317,68,109,177,32,53,85,4,19,23,3,12,15
2021-12-23,3854,3719,7573,3018,2847,5865,423,375,798,235,238,473,121,130,251,41,66,107,13,37,50,3,20,23,0,6,6
2021-12-24,1086,959,2045,729,668,1397,167,126,293,92,87,179,66,40,106,21,17,38,8,8,16,1,7,8,2,6,8
2021-12-25,4,12,16,0,0,0,0,0,0,0,0,0,0,0,0,0,3,3,3,0,3,0,6,6,1,3,4
2021-12-26,2198,2161,4359,1671,1609,3280,253,270,523,151,155,306,80,57,137,27,33,60,10,22,32,5,9,14,1,6,7
2021-12-27,4293,3840,8133,2959,2558,5517,654,579,1233,394,318,712,190,213,403,70,81,151,19,49,68,5,32,37,2,10,12
2021-12-28,4135,3857,7992,2834,2667,5501,592,486,1078,354,337,691,240,190,430,71,91,162,36,47,83,7,27,34,1,12,13
2021-12-29,4485,4066,8551,3293,3012,6305,608,476,1084,345,327,672,157,130,287,51,53,104,18,31,49,10,33,43,3,4,7
2021-12-30,4198,3723,7921,3123,2742,5865,556,435,991,280,267,547,159,135,294,52,61,113,22,45,67,6,29,35,0,9,9
2021-12-31,1209,1130,2339,886,801,1687,157,154,311,109,79,188,32,54,86,14,19,33,9,14,23,2,7,9,0,2,2
2022-01-01,0,0,0,0,0,0,0,0,0,0,0,0,0,0,0,0,0,0,0,0,0,0,0,0,0,0,0
2022-01-02,2227,2136,4363,1700,1597,3297,248,262,510,147,132,279,85,79,164,32,32,64,12,17,29,3,14,17,0,3,3
2022-01-03,3609,3175,6784,2210,1991,4201,809,593,1402,323,279,602,172,163,335,65,81,146,19,37,56,10,28,38,1,3,4
2022-01-04,3073,2996,6069,2018,1940,3958,525,451,976,279,293,572,164,163,327,63,75,138,19,43,62,3,27,30,2,4,6
