FECHA,TotalM,TotalF,Total,<=30M,<=30F,<=30,31-40M,31-40F,31-40,41-50M,41-50F,41-50,51-60M,51-60F,51-60,61-70M,61-70F,61-70,71-80M,71-80F,71-80,81-90M,81-90F,81-90,>=91M,>=91F,>=91
2020-12-29,259,409,668,38,68,106,92,125,217,79,132,211,49,82,131,1,2,3,0,0,0,0,0,0,0,0,0
2020-12-30,299,478,777,45,97,142,106,140,246,90,149,239,56,91,147,2,1,3,0,0,0,0,0,0,0,0,0
2020-12-31,37,41,78,7,3,10,12,15,27,12,15,27,6,7,13,0,1,1,0,0,0,0,0,0,0,0,0
2021-01-01,0,1,1,0,0,0,0,1,1,0,0,0,0,0,0,0,0,0,0,0,0,0,0,0,0,0,0
2021-01-02,139,240,379,14,28,42,54,94,148,47,66,113,23,51,74,1,1,2,0,0,0,0,0,0,0,0,0
2021-01-03,49,98,147,8,14,22,22,40,62,11,28,39,8,16,24,0,0,0,0,0,0,0,0,0,0,0,0
2021-01-04,320,523,843,57,91,148,103,188,291,92,153,245,67,91,158,1,0,1,0,0,0,0,0,0,0,0,0
2021-01-05,469,729,1198,69,128,197,195,242,437,119,217,336,85,138,223,1,3,4,0,1,1,0,0,0,0,0,0
2021-01-06,514,768,1282,90,143,233,196,234,430,141,224,365,86,166,252,1,1,2,0,0,0,0,0,0,0,0,0
2021-01-07,525,889,1414,85,156,241,179,308,487,149,259,408,112,166,278,0,0,0,0,0,0,0,0,0,0,0,0
2021-01-08,666,1178,1844,122,230,352,225,402,627,191,339,530,123,204,327,5,3,8,0,0,0,0,0,0,0,0,0
2021-01-09,168,272,440,14,40,54,70,102,172,52,86,138,32,44,76,0,0,0,0,0,0,0,0,0,0,0,0
2021-01-10,208,359,567,33,48,81,89,151,240,53,102,155,31,58,89,2,0,2,0,0,0,0,0,0,0,0,0
2021-01-11,657,1191,1848,111,258,369,265,401,666,174,323,497,105,206,311,2,3,5,0,0,0,0,0,0,0,0,0
2021-01-12,589,1089,1678,95,190,285,235,388,623,150,290,440,108,220,328,1,1,2,0,0,0,0,0,0,0,0,0
2021-01-13,467,889,1356,79,179,258,164,323,487,128,233,361,95,154,249,1,0,1,0,0,0,0,0,0,0,0,0
2021-01-14,798,1413,2211,169,279,448,292,486,778,216,393,609,121,254,375,0,1,1,0,0,0,0,0,0,0,0,0
2021-01-15,1192,2216,3408,215,450,665,465,770,1235,306,611,917,206,382,588,0,3,3,0,0,0,0,0,0,0,0,0
2021-01-16,475,854,1329,96,153,249,176,327,503,121,243,364,82,131,213,0,0,0,0,0,0,0,0,0,0,0,0
2021-01-17,285,544,829,66,93,159,113,214,327,72,153,225,34,84,118,0,0,0,0,0,0,0,0,0,0,0,0
2021-01-18,188,316,504,28,54,82,61,104,165,56,103,159,43,55,98,0,0,0,0,0,0,0,0,0,0,0,0
2021-01-19,285,468,753,36,67,103,81,168,249,94,145,239,71,87,158,3,1,4,0,0,0,0,0,0,0,0,0
2021-01-20,290,499,789,31,93,124,108,149,257,87,157,244,64,97,161,0,3,3,0,0,0,0,0,0,0,0,0
2021-01-21,130,189,319,23,29,52,45,53,98,35,64,99,22,41,63,5,1,6,0,1,1,0,0,0,0,0,0
2021-01-22,38,51,89,7,10,17,15,15,30,12,17,29,2,8,10,1,1,2,1,0,1,0,0,0,0,0,0
2021-01-23,118,199,317,10,21,31,45,78,123,39,59,98,23,41,64,1,0,1,0,0,0,0,0,0,0,0,0
2021-01-24,45,88,133,5,9,14,21,37,58,11,26,37,8,16,24,0,0,0,0,0,0,0,0,0,0,0,0
2021-01-25,283,471,754,45,82,127,85,149,234,81,145,226,70,93,163,2,2,4,0,0,0,0,0,0,0,0,0
2021-01-26,388,663,1051,44,108,152,147,190,337,110,219,329,82,142,224,5,4,9,0,0,0,0,0,0,0,0,0
2021-01-27,449,664,1113,75,116,191,170,196,366,118,195,313,82,155,237,4,2,6,0,0,0,0,0,0,0,0,0
2021-01-28,460,804,1264,76,143,219,152,273,425,128,225,353,103,161,264,1,2,3,0,0,0,0,0,0,0,0,0
2021-01-29,635,1061,1696,103,188,291,241,375,616,182,307,489,104,187,291,5,4,9,0,0,0,0,0,0,0,0,0
2021-01-30,153,260,413,20,39,59,59,104,163,45,77,122,29,40,69,0,0,0,0,0,0,0,0,0,0,0,0
2021-01-31,117,226,343,23,33,56,42,93,135,32,60,92,19,39,58,1,0,1,0,1,1,0,0,0,0,0,0
2021-02-01,548,948,1496,91,176,267,225,333,558,151,255,406,80,178,258,1,5,6,0,1,1,0,0,0,0,0,0
2021-02-02,1181,2006,3187,113,244,357,290,466,756,206,440,646,224,461,685,306,364,670,36,29,65,5,2,7,1,0,1
2021-02-03,1267,2314,3581,138,327,465,323,618,941,253,546,799,247,474,721,267,319,586,36,28,64,3,2,5,0,0,0
2021-02-04,1244,2328,3572,159,324,483,360,666,1026,292,566,858,222,482,704,167,251,418,39,36,75,4,3,7,1,0,1
2021-02-05,1911,3719,5630,280,579,859,620,1171,1791,405,912,1317,358,736,1094,191,276,467,52,42,94,5,3,8,0,0,0
2021-02-06,444,808,1252,81,118,199,137,279,416,116,230,346,87,154,241,22,26,48,1,1,2,0,0,0,0,0,0
2021-02-07,353,652,1005,54,90,144,113,237,350,110,192,302,58,111,169,16,21,37,2,1,3,0,0,0,0,0,0
2021-02-08,870,1596,2466,129,280,409,279,502,781,211,430,641,150,271,421,89,103,192,11,10,21,1,0,1,0,0,0
2021-02-09,994,1935,2929,141,342,483,304,571,875,228,463,691,181,405,586,121,147,268,14,7,21,5,0,5,0,0,0
2021-02-10,542,1030,1572,83,165,248,134,326,460,145,265,410,108,205,313,60,62,122,9,7,16,3,0,3,0,0,0
2021-02-11,456,1071,1527,71,181,252,146,349,495,98,272,370,71,198,269,57,63,120,12,8,20,1,0,1,0,0,0
2021-02-12,519,963,1482,74,160,234,170,336,506,118,279,397,92,139,231,49,41,90,13,8,21,3,0,3,0,0,0
2021-02-13,28,44,72,2,8,10,11,17,28,6,9,15,8,9,17,0,1,1,1,0,1,0,0,0,0,0,0
2021-02-14,6,25,31,2,7,9,2,8,10,0,10,10,2,0,2,0,0,0,0,0,0,0,0,0,0,0,0
2021-02-15,2,3,5,0,1,1,2,1,3,0,0,0,0,1,1,0,0,0,0,0,0,0,0,0,0,0,0
2021-02-16,11,37,48,1,1,2,8,18,26,2,14,16,0,3,3,0,0,0,0,1,1,0,0,0,0,0,0
2021-02-17,805,1515,2320,129,229,358,250,456,706,170,434,604,146,286,432,98,106,204,12,4,16,0,0,0,0,0,0
2021-02-18,1865,3916,5781,219,545,764,529,1057,1586,383,1033,1416,366,785,1151,270,395,665,79,95,174,19,6,25,0,0,0
2021-02-19,1686,3832,5518,198,540,738,453,1117,1570,431,988,1419,309,738,1047,213,336,549,66,102,168,13,11,24,3,0,3
2021-02-20,457,790,1247,45,84,129,138,273,411,113,193,306,88,152,240,53,82,135,19,6,25,1,0,1,0,0,0
2021-02-21,328,504,832,35,65,100,93,187,280,80,131,211,79,86,165,33,30,63,6,5,11,2,0,2,0,0,0
2021-02-22,3427,6248,9675,195,447,642,353,865,1218,272,701,973,255,547,802,312,314,626,395,534,929,1477,2414,3891,168,426,594
2021-02-23,3966,7395,11361,251,528,779,444,1096,1540,426,1003,1429,364,802,1166,478,613,1091,355,494,849,1471,2421,3892,177,438,615
2021-02-24,4058,7620,11678,258,464,722,555,1056,1611,447,968,1415,328,752,1080,385,506,891,400,618,1018,1521,2753,4274,164,503,667
2021-02-25,4044,7558,11602,235,533,768,525,1094,1619,496,897,1393,372,786,1158,346,493,839,335,574,909,1531,2667,4198,204,514,718
2021-02-26,3915,7887,11802,251,564,815,546,1123,1669,380,954,1334,396,858,1254,355,506,861,359,530,889,1439,2782,4221,189,570,759
2021-02-27,527,1114,1641,40,75,115,99,130,229,88,122,210,60,106,166,57,105,162,65,129,194,103,312,415,15,135,150
2021-02-28,156,353,509,15,17,32,30,58,88,17,36,53,13,18,31,36,33,69,15,38,53,25,91,116,5,62,67
2021-03-01,3089,6095,9184,112,234,346,263,531,794,224,399,623,165,384,549,194,251,445,358,560,918,1573,3197,4770,200,539,739
2021-03-02,3043,5910,8953,127,303,430,232,504,736,174,428,602,157,348,505,187,315,502,371,578,949,1586,2924,4510,209,510,719
2021-03-03,2886,5842,8728,133,259,392,252,595,847,221,496,717,159,388,547,138,236,374,305,519,824,1463,2799,4262,215,550,765
2021-03-04,1287,2885,4172,123,319,442,233,556,789,190,421,611,140,332,472,120,227,347,118,205,323,331,680,1011,32,145,177
2021-03-05,1123,2619,3742,96,247,343,249,579,828,198,548,746,165,402,567,120,217,337,75,143,218,186,398,584,34,85,119
2021-03-06,660,2344,3004,41,241,282,175,527,702,135,511,646,102,428,530,28,56,84,66,145,211,90,310,400,23,126,149
2021-03-07,650,2069,2719,35,191,226,146,489,635,148,457,605,122,362,484,35,44,79,68,132,200,76,252,328,20,142,162
2021-03-08,1460,3345,4805,93,256,349,185,444,629,135,390,525,138,350,488,131,274,405,179,308,487,527,1020,1547,72,303,375
2021-03-09,3769,6854,10623,158,308,466,335,688,1023,273,532,805,251,503,754,271,355,626,419,671,1090,1836,3127,4963,226,670,896
2021-03-10,4054,8747,12801,213,519,732,389,1124,1513,338,1113,1451,349,996,1345,226,334,560,406,647,1053,1885,3334,5219,248,680,928
2021-03-11,5190,12348,17538,411,914,1325,746,2033,2779,564,2190,2754,526,1625,2151,367,540,907,444,738,1182,1922,3655,5577,210,653,863
2021-03-12,3822,10335,14157,432,1054,1486,837,2535,3372,682,2530,3212,580,1864,2444,291,461,752,233,328,561,661,1287,1948,106,276,382
2021-03-13,1502,5116,6618,195,784,979,421,1505,1926,380,1404,1784,300,963,1263,90,129,219,30,81,111,69,178,247,17,72,89
2021-03-14,1043,3956,4999,96,513,609,305,1103,1408,292,1224,1516,242,936,1178,80,133,213,25,40,65,3,5,8,0,2,2
2021-03-15,2982,8994,11976,261,1030,1291,649,2215,2864,557,2168,2725,505,1691,2196,285,523,808,213,328,541,444,905,1349,68,134,202
2021-03-16,3934,9467,13401,267,845,1112,614,1782,2396,564,1724,2288,463,1430,1893,334,600,934,379,573,952,1203,2199,3402,110,314,424
2021-03-17,4185,9270,13455,295,682,977,623,1705,2328,580,1619,2199,450,1225,1675,392,707,1099,424,677,1101,1276,2319,3595,145,336,481
2021-03-18,4390,9900,14290,339,903,1242,748,1939,2687,685,1779,2464,583,1441,2024,326,592,918,441,695,1136,1128,2163,3291,140,388,528
2021-03-19,4177,9959,14136,358,1005,1363,784,2074,2858,778,1877,2655,632,1504,2136,254,388,642,304,511,815,915,2056,2971,152,544,696
2021-03-20,2187,4952,7139,70,223,293,208,476,684,191,465,656,197,471,668,458,1079,1537,385,624,1009,580,1300,1880,98,314,412
2021-03-21,1676,3474,5150,24,64,88,72,134,206,43,81,124,95,195,290,637,1422,2059,420,688,1108,331,712,1043,54,178,232
2021-03-22,2099,4499,6598,168,301,469,315,694,1009,245,580,825,232,644,876,579,1448,2027,469,685,1154,78,121,199,13,26,39
2021-03-23,3035,7004,10039,122,273,395,266,589,855,218,537,755,208,462,670,409,874,1283,456,744,1200,1155,2731,3886,201,794,995
2021-03-24,1861,4133,5994,6,18,24,12,28,40,10,27,37,38,62,100,238,565,803,343,658,1001,1057,2271,3328,157,504,661
2021-03-25,2119,4338,6457,131,303,434,264,568,832,247,444,691,164,325,489,95,158,253,305,462,767,792,1666,2458,121,412,533
2021-03-26,1117,2664,3781,38,98,136,109,199,308,79,177,256,90,142,232,123,387,510,182,396,578,414,939,1353,82,326,408
2021-03-27,739,1868,2607,3,6,9,5,15,20,3,14,17,5,23,28,17,40,57,151,330,481,486,1083,1569,69,357,426
2021-03-28,710,1887,2597,2,4,6,3,7,10,1,10,11,8,13,21,30,40,70,142,259,401,433,1145,1578,91,409,500
2021-03-29,2321,5879,8200,204,532,736,423,1100,1523,354,906,1260,282,747,1029,151,290,441,242,402,644,554,1410,1964,111,492,603
2021-03-30,3164,7283,10447,124,300,424,249,666,915,230,538,768,1055,2380,3435,768,1248,2016,370,699,1069,305,1055,1360,63,397,460
2021-03-31,4177,8549,12726,232,530,762,496,1245,1741,434,1083,1517,238,502,740,165,221,386,2047,3174,5221,464,1308,1772,101,486,587
2021-04-01,4539,7590,12129,24,28,52,29,85,114,542,1036,1578,389,755,1144,68,203,271,3071,4354,7425,350,863,1213,66,266,332
2021-04-02,4415,7218,11633,1,3,4,2,7,9,912,1736,2648,8,14,22,15,26,41,3166,4649,7815,273,612,885,38,171,209
2021-04-03,3755,6089,9844,1,8,9,5,4,9,9,7,16,8,7,15,9,11,20,3582,5643,9225,107,293,400,34,116,150
2021-04-04,1109,1748,2857,0,0,0,1,1,2,2,7,9,4,4,8,18,16,34,1074,1691,2765,5,17,22,5,12,17
2021-04-05,6093,9833,15926,88,131,219,77,205,282,80,213,293,82,199,281,138,196,334,5466,8526,13992,130,265,395,32,98,130
2021-04-06,6856,11056,17912,107,151,258,125,232,357,71,154,225,63,125,188,114,185,299,6114,9564,15678,218,491,709,44,154,198
2021-04-07,7569,11936,19505,92,122,214,126,270,396,75,174,249,80,144,224,653,816,1469,6134,9505,15639,346,727,1073,63,178,241
2021-04-08,8502,12134,20636,164,166,330,212,273,485,105,160,265,86,174,260,1533,2239,3772,6223,8821,15044,155,221,376,24,80,104
2021-04-09,7367,11299,18666,130,251,381,224,389,613,125,259,384,90,187,277,1345,1859,3204,5273,7879,13152,149,335,484,31,140,171
2021-04-10,3109,4775,7884,50,111,161,64,152,216,77,122,199,55,123,178,656,1009,1665,2145,3174,5319,55,54,109,7,30,37
2021-04-11,2919,4628,7547,48,108,156,98,184,282,55,162,217,65,167,232,600,913,1513,2019,3001,5020,30,62,92,4,31,35
2021-04-12,8119,12544,20663,131,244,375,182,353,535,117,228,345,109,198,307,1613,2311,3924,5853,8927,14780,90,201,291,24,82,106
2021-04-13,7688,11796,19484,207,190,397,233,337,570,219,236,455,196,373,569,1967,3417,5384,4723,6885,11608,123,262,385,20,96,116
2021-04-14,6608,9823,16431,233,78,311,182,168,350,158,187,345,67,68,135,817,1032,1849,3839,5937,9776,1171,1953,3124,141,400,541
2021-04-15,3289,5727,9016,138,47,185,102,42,144,80,26,106,42,50,92,1295,2819,4114,1530,2492,4022,83,195,278,19,56,75
2021-04-16,3811,5750,9561,100,34,134,49,27,76,42,24,66,17,19,36,634,842,1476,2586,3850,6436,320,760,1080,63,194,257
2021-04-17,318,492,810,16,15,31,25,17,42,37,33,70,37,32,69,43,41,84,140,272,412,18,58,76,2,24,26
2021-04-18,148,163,311,16,6,22,22,16,38,30,33,63,43,30,73,9,17,26,15,17,32,9,29,38,4,15,19
2021-04-19,4051,6375,10426,159,30,189,64,16,80,50,16,66,16,13,29,495,680,1175,2805,4400,7205,396,980,1376,66,240,306
2021-04-20,6167,10602,16769,163,64,227,81,69,150,67,88,155,452,1061,1513,3016,4934,7950,1605,2448,4053,585,1341,1926,198,597,795
2021-04-21,8421,12101,20522,85,47,132,51,46,97,49,47,96,85,216,301,7759,10937,18696,332,625,957,47,127,174,13,56,69
2021-04-22,10075,13951,24026,47,47,94,39,47,86,32,52,84,42,69,111,9463,12985,22448,374,594,968,69,124,193,9,33,42
2021-04-23,10205,13216,23421,26,48,74,48,56,104,52,75,127,70,77,147,9733,12355,22088,218,392,610,50,143,193,8,70,78
2021-04-24,2917,3522,6439,5,9,14,5,8,13,16,16,32,17,22,39,2620,3195,5815,215,189,404,29,63,92,10,20,30
2021-04-25,83,126,209,2,2,4,4,3,7,5,12,17,9,7,16,58,81,139,3,9,12,0,8,8,2,4,6
2021-04-26,1509,2390,3899,15,6,21,12,14,26,9,10,19,7,17,24,1319,2018,3337,126,223,349,15,76,91,6,26,32
2021-04-27,1391,2872,4263,76,73,149,49,92,141,44,68,112,35,59,94,904,1675,2579,232,725,957,45,143,188,6,37,43
2021-04-28,7080,16062,23142,729,1835,2564,1552,4318,5870,1288,3855,5143,1016,2961,3977,2251,2639,4890,204,322,526,34,96,130,6,36,42
2021-04-29,6549,13186,19735,453,1323,1776,1079,3202,4281,1035,3000,4035,866,2366,3232,2741,2686,5427,297,376,673,58,166,224,20,67,87
2021-04-30,1332,1996,3328,71,126,197,96,177,273,50,97,147,32,75,107,834,1115,1949,202,282,484,36,82,118,11,42,53
2021-05-01,542,1092,1634,16,33,49,60,108,168,23,64,87,23,47,70,311,593,904,91,158,249,16,59,75,2,30,32
2021-05-02,4309,9856,14165,309,944,1253,818,2174,2992,814,2076,2890,640,1625,2265,493,1052,1545,1191,1844,3035,38,99,137,6,42,48
2021-05-03,8227,11571,19798,56,105,161,104,165,269,53,89,142,824,1162,1986,4900,6502,11402,2191,3303,5494,82,185,267,17,60,77
2021-05-04,11573,14304,25877,94,128,222,99,176,275,48,99,147,1980,2474,4454,9030,10992,20022,266,315,581,43,79,122,13,41,54
2021-05-05,10672,15373,26045,122,190,312,214,192,406,231,140,371,579,674,1253,3115,4632,7747,6105,8768,14873,268,626,894,38,151,189
2021-05-06,3630,5378,9008,112,101,213,158,118,276,200,57,257,423,427,850,1657,2735,4392,992,1789,2781,68,114,182,20,37,57
2021-05-07,7984,13137,21121,137,291,428,228,520,748,197,387,584,258,509,767,1388,2816,4204,5635,8290,13925,117,235,352,24,89,113
2021-05-08,2396,15323,17719,183,1618,1801,471,3506,3977,507,4611,5118,565,3639,4204,577,1790,2367,69,96,165,14,41,55,10,22,32
2021-05-09,142,230,372,0,0,0,0,0,0,2,0,2,22,13,35,72,81,153,14,24,38,23,65,88,9,47,56
2021-05-10,833,2526,3359,26,43,69,31,54,85,27,45,72,149,254,403,320,1421,1741,198,464,662,66,170,236,16,75,91
2021-05-11,3298,3944,7242,22,36,58,33,64,97,33,57,90,630,747,1377,2397,2689,5086,132,188,320,37,105,142,14,58,72
2021-05-12,3577,4434,8011,38,37,75,48,64,112,45,64,109,684,799,1483,2490,2798,5288,170,378,548,86,204,290,16,90,106
2021-05-13,2912,5432,8344,58,108,166,99,236,335,81,163,244,181,319,500,888,1719,2607,1498,2529,4027,89,252,341,18,106,124
2021-05-14,1346,3083,4429,55,100,155,94,192,286,77,138,215,170,239,409,587,1475,2062,291,665,956,54,184,238,18,90,108
2021-05-15,6423,5187,11610,20,44,64,42,70,112,34,49,83,1198,1208,2406,4994,3464,8458,96,175,271,30,123,153,9,54,63
2021-05-16,876,2312,3188,58,192,250,208,702,910,253,710,963,178,401,579,130,156,286,26,43,69,13,75,88,10,33,43
2021-05-17,4289,4351,8640,53,91,144,173,421,594,108,292,400,843,783,1626,2821,2202,5023,233,386,619,42,114,156,16,62,78
2021-05-18,4579,3924,8503,31,54,85,63,78,141,63,84,147,868,847,1715,3417,2517,5934,100,201,301,28,96,124,9,47,56
2021-05-19,3471,3374,6845,42,102,144,111,217,328,46,119,165,633,642,1275,2452,1823,4275,141,335,476,36,94,130,10,42,52
2021-05-20,10591,11976,22567,76,147,223,151,241,392,89,181,270,2928,3317,6245,6596,6506,13102,577,1031,1608,149,442,591,25,111,136
2021-05-21,2154,4403,6557,105,261,366,189,548,737,108,400,508,97,348,445,451,835,1286,1121,1797,2918,75,159,234,8,55,63
2021-05-22,1527,2132,3659,53,75,128,44,63,107,23,63,86,208,261,469,968,1234,2202,195,343,538,31,72,103,5,21,26
2021-05-23,2378,2369,4747,25,46,71,26,67,93,26,41,67,1007,1092,2099,1186,886,2072,81,155,236,20,65,85,7,17,24
2021-05-24,698,1581,2279,37,82,119,66,134,200,40,102,142,225,242,467,273,883,1156,52,105,157,5,25,30,0,8,8
2021-05-25,4627,8513,13140,12,24,36,7,17,24,3,19,22,179,173,352,279,744,1023,481,837,1318,3260,5721,8981,406,978,1384
2021-05-26,2286,3430,5716,34,50,84,46,82,128,37,72,109,1072,969,2041,201,338,539,168,317,485,624,1322,1946,104,280,384
2021-05-27,9384,15091,24475,64,121,185,99,166,265,95,163,258,2685,2459,5144,289,212,501,695,1200,1895,4861,9147,14008,596,1623,2219
2021-05-28,10545,14958,25503,110,158,268,177,246,423,293,273,566,5793,6777,12570,231,247,478,524,823,1347,3035,5399,8434,382,1035,1417
2021-05-29,8980,8369,17349,4,8,12,13,12,25,630,474,1104,7766,6933,14699,191,231,422,79,130,209,263,502,765,34,79,113
2021-05-30,8327,7575,15902,9,11,20,8,10,18,1780,1544,3324,6383,5839,12222,85,78,163,24,28,52,31,52,83,7,13,20
2021-05-31,11574,15417,26991,99,179,278,166,287,453,6359,6061,12420,3406,5526,8932,615,873,1488,188,369,557,640,1723,2363,101,399,500
2021-06-01,11136,12636,23772,194,258,452,602,418,1020,7067,7384,14451,2192,2525,4717,118,176,294,162,279,441,736,1303,2039,65,293,358
2021-06-02,9097,12951,22048,620,654,1274,1711,2608,4319,4021,5294,9315,2030,2600,4630,178,258,436,135,225,360,331,974,1305,71,338,409
2021-06-03,12691,19567,32258,3020,5039,8059,5235,7971,13206,3266,4414,7680,581,853,1434,166,229,395,92,201,293,279,656,935,52,204,256
2021-06-04,13256,16301,29557,2973,3590,6563,4779,4751,9530,2957,4218,7175,1017,1396,2413,1054,1173,2227,303,533,836,137,490,627,36,150,186
2021-06-05,11014,10378,21392,2696,2396,5092,4809,3967,8776,1867,1747,3614,689,717,1406,662,753,1415,150,291,441,109,367,476,32,140,172
2021-06-06,8422,9819,18241,3048,4036,7084,3800,4098,7898,925,733,1658,425,378,803,76,84,160,58,132,190,68,213,281,22,145,167
2021-06-07,13676,14204,27880,3094,3362,6456,3313,2757,6070,3303,3144,6447,3335,3898,7233,384,401,785,126,222,348,88,275,363,33,145,178
2021-06-08,12658,17067,29725,1009,1494,2503,1362,2047,3409,1479,2057,3536,8086,9942,18028,149,199,348,193,333,526,323,725,1048,57,270,327
2021-06-09,12612,13163,25775,342,338,680,654,676,1330,709,559,1268,10708,11112,21820,94,131,225,56,87,143,34,150,184,15,110,125
2021-06-10,14304,15003,29307,772,868,1640,1059,1214,2273,1923,2011,3934,10107,10110,20217,293,375,668,88,160,248,43,170,213,19,95,114
2021-06-11,9779,15860,25639,203,238,441,470,310,780,751,664,1415,1383,1497,2880,138,247,385,929,1458,2387,5363,9854,15217,542,1592,2134
2021-06-12,6349,7874,14223,443,597,1040,616,803,1419,1357,1557,2914,3089,3028,6117,49,84,133,145,295,440,570,1186,1756,80,324,404
2021-06-13,4123,4408,8531,203,258,461,289,333,622,907,964,1871,2641,2725,5366,38,40,78,12,19,31,27,60,87,6,9,15
2021-06-14,6115,6717,12832,749,858,1607,1036,1073,2109,1355,1353,2708,2662,2825,5487,49,69,118,41,99,140,199,344,543,24,96,120
2021-06-15,13992,13725,27717,124,189,313,208,294,502,439,462,901,12559,11637,24196,218,227,445,145,313,458,260,484,744,39,119,158
2021-06-16,7648,10294,17942,441,639,1080,842,1061,1903,1796,2114,3910,2055,2252,4307,164,218,382,1898,2767,4665,379,924,1303,73,319,392
2021-06-17,11602,14336,25938,202,292,494,446,448,894,2996,3236,6232,4196,4309,8505,531,690,1221,2758,4069,6827,394,959,1353,79,333,412
2021-06-18,14502,15274,29776,675,838,1513,1079,1130,2209,8434,8035,16469,3225,3301,6526,402,553,955,494,799,1293,164,445,609,29,173,202
2021-06-19,10649,11600,22249,220,303,523,152,252,404,8308,8452,16760,1466,1445,2911,252,285,537,104,215,319,115,420,535,32,228,260
2021-06-20,15,13,28,4,2,6,3,1,4,5,6,11,2,3,5,0,1,1,1,0,1,0,0,0,0,0,0
2021-06-21,6040,6143,12183,27,27,54,42,58,100,5062,5013,10075,658,627,1285,157,191,348,69,98,167,19,92,111,6,37,43
2021-06-22,5121,5234,10355,160,262,422,216,290,506,2356,2222,4578,1732,1513,3245,448,486,934,148,216,364,42,162,204,19,83,102
2021-06-23,9626,9641,19267,148,243,391,195,365,560,7897,7565,15462,1108,929,2037,142,227,369,67,119,186,55,131,186,14,62,76
2021-06-24,15444,19479,34923,210,410,620,649,4181,4830,13103,13023,26126,1084,1190,2274,232,314,546,129,215,344,32,107,139,5,39,44
2021-06-25,12939,18834,31773,404,1193,1597,726,3044,3770,4845,4941,9786,979,1122,2101,4579,6230,10809,1179,1654,2833,191,508,699,36,142,178
2021-06-26,9359,12071,21430,41,43,84,43,57,100,846,842,1688,570,704,1274,6874,8760,15634,796,1221,2017,161,341,502,28,103,131
2021-06-27,8183,9056,17239,67,112,179,79,144,223,3532,3612,7144,2789,2822,5611,1058,1242,2300,552,835,1387,88,241,329,18,48,66
2021-06-28,17329,19776,37105,700,1675,2375,616,2420,3036,13853,12924,26777,1262,1294,2556,700,1019,1719,145,260,405,41,110,151,12,74,86
2021-06-29,18303,18724,37027,205,362,567,467,828,1295,15784,14940,30724,761,793,1554,716,1056,1772,246,423,669,110,238,348,14,84,98
2021-06-30,19665,19385,39050,171,220,391,5179,4924,10103,12298,11684,23982,686,665,1351,1176,1534,2710,105,194,299,39,98,137,11,66,77
2021-07-01,12830,13475,26305,125,231,356,4841,4778,9619,5565,5258,10823,963,1067,2030,812,1109,1921,357,577,934,141,329,470,26,126,152
2021-07-02,9906,18369,28275,592,1203,1795,2361,3776,6137,1529,1744,3273,359,531,890,834,1396,2230,650,1207,1857,3104,6889,9993,477,1623,2100
2021-07-03,10954,12356,23310,24,45,69,6059,5335,11394,2558,2735,5293,504,579,1083,414,546,960,338,630,968,929,1983,2912,128,503,631
2021-07-04,10451,10368,20819,516,851,1367,9200,8461,17661,407,472,879,136,127,263,92,135,227,60,81,141,29,157,186,11,84,95
2021-07-05,5100,5559,10659,276,416,692,3542,3017,6559,256,288,544,139,135,274,322,465,787,240,415,655,282,624,906,43,199,242
2021-07-06,13064,12247,25311,436,678,1114,11641,9867,21508,281,334,615,193,250,443,182,218,400,106,221,327,188,507,695,37,172,209
2021-07-07,5711,6353,12064,171,166,337,3965,3594,7559,682,939,1621,257,407,664,150,225,375,154,314,468,284,552,836,48,156,204
2021-07-08,18881,16355,35236,377,536,913,15069,12336,27405,2299,2079,4378,719,735,1454,284,361,645,71,127,198,47,137,184,15,44,59
2021-07-09,12878,13058,25936,678,729,1407,8701,8247,16948,2224,2204,4428,842,838,1680,268,417,685,139,524,663,22,78,100,4,21,25
2021-07-10,10827,11510,22337,1470,1772,3242,7972,7841,15813,389,437,826,187,237,424,466,555,1021,255,424,679,77,194,271,11,50,61
2021-07-11,2165,3668,5833,259,364,623,1073,1291,2364,164,383,547,72,201,273,24,40,64,112,207,319,408,965,1373,53,217,270
2021-07-12,18030,16045,34075,3061,2961,6022,14015,11766,25781,452,537,989,235,282,517,109,176,285,60,127,187,81,147,228,17,49,66
2021-07-13,10369,8833,19202,1790,1645,3435,7372,6009,13381,765,641,1406,279,283,562,102,111,213,41,66,107,14,48,62,6,30,36
2021-07-14,3511,3345,6856,645,728,1373,2294,1914,4208,312,376,688,163,170,333,58,64,122,18,48,66,15,27,42,6,18,24
2021-07-15,14082,19767,33849,436,722,1158,1309,2392,3701,6901,7085,13986,1215,2387,3602,717,1146,1863,2571,3783,6354,809,1786,2595,124,466,590
2021-07-16,13920,19864,33784,353,434,787,1044,3020,4064,7294,8089,15383,505,689,1194,153,199,352,4090,6057,10147,410,1079,1489,71,297,368
2021-07-17,12278,13533,25811,1433,1754,3187,5161,5427,10588,4273,4503,8776,789,861,1650,248,265,513,295,506,801,64,172,236,15,45,60
2021-07-18,11274,12033,23307,3020,3807,6827,2932,2658,5590,3626,3632,7258,1443,1463,2906,167,236,403,64,138,202,19,78,97,3,21,24
2021-07-19,16731,18086,34817,2721,3330,6051,1493,2596,4089,10866,10035,20901,1108,1108,2216,204,231,435,133,216,349,158,438,596,48,132,180
2021-07-20,18596,19785,38381,7491,8529,16020,2552,2919,5471,7364,6756,14120,733,779,1512,197,241,438,156,302,458,85,198,283,18,61,79
2021-07-21,18659,18930,37589,13975,14077,28052,3337,3331,6668,693,728,1421,338,326,664,158,160,318,127,230,357,24,53,77,7,25,32
2021-07-22,19111,17541,36652,13032,11667,24699,4110,3619,7729,1182,1175,2357,505,621,1126,171,245,416,73,97,170,29,79,108,9,38,47
2021-07-23,15573,17631,33204,5974,7147,13121,2820,2903,5723,5668,6062,11730,791,954,1745,204,307,511,82,135,217,31,87,118,3,36,39
2021-07-24,14290,14668,28958,743,986,1729,493,465,958,5677,5466,11143,6939,7098,14037,260,324,584,94,122,216,78,157,235,6,50,56
2021-07-25,11616,13868,25484,6915,9101,16016,2931,2776,5707,901,1035,1936,621,622,1243,195,208,403,34,58,92,15,42,57,4,26,30
2021-07-26,17619,21929,39548,5558,7015,12573,4443,5705,10148,4595,5427,10022,2431,2748,5179,375,519,894,147,312,459,62,149,211,8,54,62
2021-07-27,15342,18935,34277,7113,8321,15434,3001,3861,6862,2828,3633,6461,1250,1490,2740,810,909,1719,235,406,641,86,247,333,19,68,87
2021-07-28,17849,20534,38383,15316,17197,32513,1286,1494,2780,733,1039,1772,320,472,792,133,176,309,34,87,121,18,47,65,9,22,31
2021-07-29,19081,18325,37406,15228,14290,29518,2027,1904,3931,1075,1237,2312,491,541,1032,170,183,353,66,77,143,17,56,73,7,37,44
2021-07-30,16648,16441,33089,5813,5361,11174,6088,5899,11987,3370,3473,6843,1047,1176,2223,231,288,519,61,144,205,34,58,92,4,42,46
2021-07-31,14526,11264,25790,1629,1727,3356,7699,6651,14350,4296,2027,6323,631,496,1127,197,192,389,48,79,127,20,61,81,6,31,37
2021-08-01,6380,7798,14178,1430,1905,3335,2833,3503,6336,1384,1436,2820,482,548,1030,185,236,421,47,95,142,16,51,67,3,24,27
2021-08-02,18706,18171,36877,2987,3356,6343,11181,9904,21085,3593,3731,7324,690,762,1452,176,237,413,57,104,161,16,57,73,6,20,26
2021-08-03,16525,15446,31971,8096,7375,15471,2988,2705,5693,2591,2196,4787,2482,2712,5194,290,281,571,56,96,152,15,57,72,7,24,31
2021-08-04,13009,15298,28307,1999,2570,4569,2758,2871,5629,1625,2018,3643,6348,7434,13782,188,240,428,68,99,167,20,48,68,3,18,21
2021-08-05,9203,8973,18176,3723,3491,7214,3618,3400,7018,1271,1290,2561,429,499,928,124,156,280,27,88,115,10,30,40,1,19,20
2021-08-06,4481,5387,9868,676,791,1467,874,788,1662,369,352,721,210,248,458,1118,1473,2591,1202,1662,2864,28,57,85,4,16,20
2021-08-07,10292,14489,24781,1099,911,2010,71,74,145,60,76,136,61,64,125,1308,1887,3195,7589,11254,18843,89,177,266,15,46,61
2021-08-08,9114,12987,22101,8,19,27,15,18,33,12,16,28,28,62,90,5300,7258,12558,3623,5362,8985,110,214,324,18,38,56
2021-08-09,14326,19730,34056,144,168,312,225,225,450,182,239,421,1045,1535,2580,10624,14605,25229,2001,2693,4694,93,219,312,12,46,58
2021-08-10,14450,19109,33559,370,443,813,518,548,1066,1199,847,2046,1358,1815,3173,7293,9831,17124,3572,5325,8897,120,243,363,20,57,77
2021-08-11,15058,16697,31755,1337,1127,2464,294,454,748,307,434,741,2434,2634,5068,8855,9105,17960,1688,2658,4346,127,229,356,16,56,72
2021-08-12,9698,12986,22684,392,438,830,258,294,552,234,278,512,1819,2283,4102,3737,4323,8060,3113,5001,8114,120,299,419,25,70,95
2021-08-13,13141,18260,31401,125,135,260,191,189,380,152,194,346,376,454,830,5623,7003,12626,6326,9376,15702,299,726,1025,49,183,232
2021-08-14,8489,12779,21268,99,140,239,169,226,395,167,318,485,1608,2186,3794,5555,8199,13754,788,1400,2188,84,246,330,19,64,83
2021-08-15,11738,12726,24464,484,570,1054,824,993,1817,1437,1434,2871,6747,7055,13802,1710,1643,3353,440,768,1208,78,194,272,18,69,87
2021-08-16,9459,11998,21457,1438,1602,3040,1149,1266,2415,2524,2948,5472,1923,2383,4306,1107,1424,2531,1157,1926,3083,132,355,487,29,94,123
2021-08-17,16283,14125,30408,7608,6676,14284,6295,5503,11798,1390,1222,2612,795,423,1218,142,183,325,34,70,104,14,42,56,5,6,11
2021-08-18,11532,12415,23947,4882,4620,9502,1428,1763,3191,1204,1384,2588,1758,1884,3642,1708,1719,3427,476,837,1313,67,165,232,9,43,52
2021-08-19,6046,6278,12324,2430,2310,4740,820,806,1626,478,588,1066,1455,1405,2860,591,659,1250,232,412,644,35,77,112,5,21,26
2021-08-20,13356,12443,25799,2529,2580,5109,1537,1164,2701,1232,1011,2243,7757,7217,14974,210,254,464,69,151,220,19,53,72,3,13,16
2021-08-21,9448,12234,21682,1602,2130,3732,2285,3366,5651,2212,2955,5167,2852,3112,5964,381,423,804,91,158,249,20,68,88,5,22,27
2021-08-22,9984,11278,21262,1550,1957,3507,5276,5514,10790,1753,2121,3874,969,1126,2095,351,419,770,69,110,179,14,29,43,2,2,4
2021-08-23,17415,15778,33193,7385,6969,14354,7754,6322,14076,1329,1351,2680,676,725,1401,210,254,464,47,100,147,13,39,52,1,18,19
2021-08-24,12549,13296,25845,9040,9283,18323,1933,1823,3756,809,961,1770,550,769,1319,170,284,454,36,112,148,7,46,53,4,18,22
2021-08-25,15809,15900,31709,2379,2424,4803,1187,1556,2743,6787,6423,13210,4903,4762,9665,412,473,885,107,152,259,29,82,111,5,28,33
2021-08-26,15225,17770,32995,1924,2500,4424,944,1322,2266,589,844,1433,3750,3689,7439,6730,6913,13643,1115,1961,3076,140,430,570,33,111,144
2021-08-27,18573,18191,36764,10983,10876,21859,3417,2787,6204,1017,1044,2061,2443,2524,4967,562,669,1231,118,194,312,28,71,99,5,26,31
2021-08-28,11153,13424,24577,8225,10533,18758,1669,1465,3134,789,728,1517,339,454,793,84,116,200,37,91,128,8,31,39,2,6,8
2021-08-29,11532,12887,24419,985,1285,2270,558,722,1280,2041,2117,4158,7450,8039,15489,324,418,742,122,234,356,47,58,105,5,14,19
2021-08-30,16117,16896,33013,4070,3708,7778,2382,2328,4710,3202,3000,6202,3920,3975,7895,1661,2139,3800,752,1307,2059,117,347,464,13,92,105
2021-08-31,15798,17539,33337,11210,12776,23986,2061,1890,3951,1608,1678,3286,649,734,1383,182,267,449,66,118,184,17,56,73,5,20,25
2021-09-01,16124,17213,33337,14498,14433,28931,620,667,1287,390,521,911,271,480,751,240,744,984,90,287,377,14,70,84,1,11,12
2021-09-02,16030,19151,35181,9758,9771,19529,1548,2382,3930,2659,3865,6524,1522,2336,3858,365,502,867,155,217,372,20,69,89,3,9,12
2021-09-03,14793,17324,32117,6134,6172,12306,1656,1765,3421,4345,5778,10123,1632,2162,3794,830,1059,1889,163,289,452,30,75,105,3,24,27
2021-09-04,12220,12131,24351,3316,3331,6647,3458,3201,6659,4744,4781,9525,538,541,1079,116,167,283,40,73,113,6,33,39,2,4,6
2021-09-05,12312,12178,24490,1271,1346,2617,2437,2315,4752,7665,7537,15202,769,739,1508,125,178,303,38,40,78,6,17,23,1,6,7
2021-09-06,16362,16079,32441,1604,1510,3114,679,763,1442,10907,10801,21708,2631,2270,4901,419,511,930,94,148,242,20,62,82,8,14,22
2021-09-07,18264,20307,38571,984,1383,2367,1694,2538,4232,8152,7659,15811,3671,3845,7516,2974,3468,6442,665,1037,1702,97,309,406,27,68,95
2021-09-08,10680,10750,21430,2559,2234,4793,2741,2570,5311,3065,3192,6257,1484,1643,3127,624,670,1294,166,280,446,36,122,158,5,39,44
2021-09-09,15400,15235,30635,2523,2660,5183,9301,8512,17813,2221,2422,4643,1077,1195,2272,214,270,484,48,95,143,13,68,81,3,13,16
2021-09-10,5076,5466,10542,2287,2185,4472,790,968,1758,388,428,816,1198,1314,2512,332,407,739,63,123,186,16,37,53,2,4,6
2021-09-11,3416,3287,6703,691,689,1380,1663,1400,3063,261,305,566,696,763,1459,75,80,155,28,32,60,2,15,17,0,3,3
2021-09-12,865,983,1848,219,284,503,345,334,679,187,217,404,91,112,203,18,20,38,5,13,18,0,2,2,0,1,1
2021-09-13,7447,7324,14771,4385,4551,8936,2651,2320,4971,218,229,447,120,126,246,40,38,78,18,24,42,9,25,34,6,11,17
2021-09-14,6513,7632,14145,508,607,1115,416,477,893,392,457,849,4260,4533,8793,753,1250,2003,155,221,376,26,65,91,3,22,25
2021-09-15,17655,20006,37661,1158,1594,2752,1653,2323,3976,3406,3878,7284,8718,8858,17576,2396,2759,5155,234,415,649,71,139,210,19,40,59
2021-09-16,16715,19056,35771,2406,3422,5828,9620,10143,19763,2412,2597,5009,1370,1685,3055,730,840,1570,132,251,383,37,95,132,8,23,31
2021-09-17,14082,14305,28387,8465,8623,17088,3166,2936,6102,1315,1344,2659,799,878,1677,233,304,537,78,131,209,21,69,90,5,20,25
2021-09-18,12277,13256,25533,8658,9025,17683,2127,2212,4339,914,1146,2060,452,603,1055,97,174,271,19,62,81,8,29,37,2,5,7
2021-09-19,9246,9385,18631,5342,5109,10451,2143,2155,4298,1042,1148,2190,515,564,1079,132,189,321,54,138,192,17,65,82,1,17,18
2021-09-20,7274,6990,14264,3490,3354,6844,2219,1875,4094,868,920,1788,432,457,889,175,206,381,77,130,207,10,40,50,3,8,11
2021-09-21,12473,11616,24089,10109,9361,19470,1358,1087,2445,556,550,1106,297,351,648,108,172,280,31,61,92,11,23,34,3,11,14
2021-09-22,8706,7892,16598,5590,4909,10499,2019,1640,3659,584,607,1191,299,369,668,133,170,303,61,127,188,16,47,63,4,23,27
2021-09-23,5864,5998,11862,3976,4095,8071,1087,971,2058,454,466,920,237,275,512,58,98,156,41,55,96,11,30,41,0,8,8
2021-09-24,5801,5967,11768,2985,3068,6053,1244,1235,2479,988,948,1936,428,444,872,104,148,252,40,70,110,10,38,48,2,16,18
2021-09-25,3709,3090,6799,1141,938,2079,1335,850,2185,578,612,1190,504,538,1042,124,109,233,18,27,45,8,11,19,1,5,6
2021-09-26,12333,11297,23630,691,776,1467,1631,1671,3302,5083,4463,9546,4540,3830,8370,320,378,698,54,108,162,12,60,72,2,11,13
2021-09-27,12059,11174,23233,1942,2307,4249,5470,4785,10255,3192,2688,5880,1197,977,2174,189,252,441,46,89,135,22,56,78,1,20,21
2021-09-28,14147,14071,28218,1030,975,2005,9732,8294,18026,1259,1432,2691,808,955,1763,561,779,1340,603,1127,1730,138,409,547,16,100,116
2021-09-29,8818,8672,17490,2590,2779,5369,4437,3822,8259,884,890,1774,552,570,1122,205,249,454,114,227,341,36,104,140,0,31,31
2021-09-30,8639,9978,18617,5407,5803,11210,1121,1394,2515,1067,979,2046,745,1083,1828,227,484,711,56,162,218,15,63,78,1,10,11
2021-10-01,5732,5657,11389,2945,3040,5985,1262,1243,2505,867,722,1589,498,425,923,124,134,258,30,57,87,5,30,35,1,6,7
2021-10-02,2879,2830,5709,1187,1231,2418,850,727,1577,493,475,968,244,218,462,74,97,171,21,49,70,9,26,35,1,7,8
2021-10-03,3228,2807,6035,1527,1340,2867,1020,751,1771,412,356,768,160,180,340,81,109,190,19,46,65,8,21,29,1,4,5
2021-10-04,5799,5568,11367,2535,2360,4895,1876,1586,3462,737,731,1468,416,476,892,164,258,422,54,101,155,13,41,54,4,15,19
2021-10-05,3482,3433,6915,1415,1448,2863,966,834,1800,595,580,1175,360,392,752,112,108,220,24,36,60,8,25,33,2,10,12
2021-10-06,7251,7410,14661,5605,5838,11443,753,637,1390,484,450,934,266,289,555,97,111,208,31,43,74,12,29,41,3,13,16
2021-10-07,3101,3065,6166,1334,1174,2508,855,799,1654,416,443,859,334,386,720,126,168,294,28,60,88,3,25,28,5,10,15
2021-10-08,10694,10492,21186,667,922,1589,6185,5481,11666,1213,1311,2524,1392,1483,2875,1170,1158,2328,49,90,139,17,41,58,1,6,7
2021-10-09,9851,9690,19541,623,751,1374,4493,3975,8468,1236,1249,2485,2275,2356,4631,1169,1223,2392,43,95,138,12,34,46,0,7,7
2021-10-10,7017,7186,14203,447,628,1075,3585,3322,6907,787,892,1679,1338,1361,2699,824,892,1716,25,61,86,10,24,34,1,6,7
2021-10-11,4673,4569,9242,2608,2440,5048,1078,1045,2123,576,533,1109,281,312,593,84,125,209,35,67,102,10,43,53,1,4,5
2021-10-12,11023,10325,21348,6851,6152,13003,1406,1324,2730,1301,1342,2643,946,958,1904,434,425,859,69,88,157,15,29,44,1,7,8
2021-10-13,16633,17517,34150,15202,15862,31064,452,478,930,440,470,910,356,446,802,149,180,329,19,37,56,12,26,38,3,18,21
2021-10-14,13195,13116,26311,9762,9494,19256,1743,1736,3479,883,900,1783,533,618,1151,198,229,427,56,80,136,16,47,63,4,12,16
2021-10-15,13008,12578,25586,7513,6767,14280,3223,3029,6252,1334,1383,2717,634,835,1469,219,384,603,68,118,186,16,45,61,1,17,18
2021-10-16,8797,8971,17768,6399,6298,12697,1298,1329,2627,635,739,1374,308,354,662,120,153,273,30,65,95,7,23,30,0,10,10
2021-10-17,3135,3588,6723,2111,2234,4345,423,534,957,285,353,638,202,270,472,90,120,210,20,49,69,3,23,26,1,5,6
2021-10-18,12228,11834,24062,9751,9513,19264,1007,862,1869,831,713,1544,482,471,953,132,197,329,20,42,62,5,23,28,0,13,13
2021-10-19,9280,8870,18150,5811,5567,11378,1561,1348,2909,1027,995,2022,539,556,1095,294,320,614,34,57,91,13,18,31,1,9,10
2021-10-20,9027,8631,17658,7149,6867,14016,845,729,1574,590,550,1140,297,291,588,114,116,230,22,51,73,7,21,28,3,6,9
2021-10-21,10876,11266,22142,8599,9087,17686,1059,904,1963,586,539,1125,369,368,737,198,228,426,37,66,103,26,49,75,2,25,27
2021-10-22,13855,14655,28510,10958,11363,22321,1374,1398,2772,687,804,1491,588,660,1248,191,266,457,43,97,140,14,56,70,0,11,11
2021-10-23,8721,8812,17533,7469,7550,15019,689,667,1356,258,286,544,178,164,342,90,86,176,23,35,58,10,17,27,4,7,11
2021-10-24,9168,9154,18322,8704,8641,17345,193,198,391,127,145,272,79,81,160,46,58,104,12,21,33,5,7,12,2,3,5
2021-10-25,9994,10330,20324,8054,7915,15969,858,881,1739,605,699,1304,301,419,720,116,228,344,44,119,163,13,56,69,3,13,16
2021-10-26,11805,11479,23284,10358,10090,20448,774,679,1453,334,347,681,209,195,404,87,79,166,29,42,71,12,31,43,2,16,18
2021-10-27,12466,12690,25156,11206,11349,22555,568,575,1143,372,374,746,207,215,422,76,109,185,32,45,77,5,20,25,0,3,3
2021-10-28,12814,12987,25801,11311,11399,22710,677,628,1305,418,427,845,261,281,542,96,144,240,38,57,95,8,35,43,5,16,21
2021-10-29,12526,12499,25025,11618,11574,23192,486,433,919,215,243,458,125,120,245,61,63,124,14,32,46,6,25,31,1,9,10
2021-10-30,8592,8704,17296,7964,8055,16019,341,313,654,155,167,322,85,91,176,40,47,87,5,22,27,2,7,9,0,2,2
2021-10-31,8064,7920,15984,7380,7267,14647,339,344,683,183,152,335,103,87,190,36,36,72,16,24,40,5,8,13,2,2,4
2021-11-01,7994,7191,15185,4616,4414,9030,2306,1698,4004,638,522,1160,283,305,588,123,159,282,25,66,91,3,18,21,0,9,9
2021-11-02,3986,3982,7968,2502,2236,4738,859,863,1722,334,424,758,192,260,452,67,118,185,14,43,57,8,26,34,10,12,22
2021-11-03,9487,10116,19603,8849,9482,18331,285,250,535,185,164,349,110,113,223,39,58,97,11,26,37,7,16,23,1,7,8
2021-11-04,9708,9781,19489,9130,9132,18262,253,277,530,166,152,318,87,86,173,39,62,101,18,45,63,10,17,27,5,10,15
2021-11-05,3931,3525,7456,3385,3002,6387,219,219,438,142,127,269,117,81,198,40,47,87,18,23,41,9,17,26,1,9,10
2021-11-06,3319,3292,6611,2903,2816,5719,183,185,368,97,116,213,87,103,190,34,35,69,8,22,30,5,13,18,2,2,4
2021-11-07,3238,3125,6363,2745,2664,5409,222,202,424,132,108,240,80,58,138,36,45,81,15,24,39,8,17,25,0,7,7
2021-11-08,8936,9191,18127,8156,8179,16335,347,401,748,213,254,467,134,185,319,59,93,152,21,57,78,5,11,16,1,11,12
2021-11-09,4142,4185,8327,3575,3516,7091,267,280,547,169,172,341,91,118,209,31,47,78,6,31,37,3,12,15,0,9,9
2021-11-10,5991,5549,11540,5467,4941,10408,247,259,506,128,133,261,72,89,161,52,54,106,21,39,60,3,21,24,1,13,14
2021-11-11,5013,4794,9807,4320,4070,8390,317,258,575,170,173,343,105,130,235,44,70,114,32,49,81,21,34,55,4,10,14
2021-11-12,7565,7664,15229,6872,6910,13782,259,254,513,219,228,447,118,107,225,60,89,149,24,46,70,8,20,28,5,10,15
2021-11-13,1201,1096,2297,1166,1064,2230,13,10,23,12,9,21,5,8,13,3,4,7,0,1,1,1,0,1,1,0,1
2021-11-14,1391,1373,2764,1373,1360,2733,7,8,15,6,3,9,5,0,5,0,2,2,0,0,0,0,0,0,0,0,0
2021-11-15,6769,6804,13573,6061,6028,12089,248,279,527,243,247,490,169,165,334,35,43,78,9,26,35,4,14,18,0,2,2
2021-11-16,10096,9778,19874,7682,7629,15311,1053,860,1913,872,741,1613,313,304,617,134,158,292,32,45,77,8,31,39,2,10,12
2021-11-17,12028,11764,23792,11428,11117,22545,328,286,614,130,158,288,94,103,197,28,45,73,9,28,37,4,17,21,7,10,17
2021-11-18,11611,11373,22984,11081,10819,21900,237,217,454,160,154,314,87,93,180,32,43,75,9,17,26,3,17,20,2,13,15
2021-11-19,11197,10885,22082,10300,9924,20224,414,401,815,231,235,466,155,177,332,62,79,141,28,39,67,7,20,27,0,10,10
2021-11-20,3686,3913,7599,3320,3502,6822,141,137,278,102,117,219,77,75,152,24,48,72,13,21,34,7,11,18,2,2,4
2021-11-21,3810,3909,7719,3302,3361,6663,179,181,360,136,155,291,121,128,249,50,52,102,14,19,33,6,8,14,2,5,7
2021-11-22,4784,4843,9627,4269,4290,8559,219,229,448,144,128,272,101,111,212,37,38,75,10,28,38,3,12,15,1,7,8
2021-11-23,7539,7569,15108,6661,6698,13359,411,379,790,235,220,455,159,161,320,46,66,112,18,24,42,7,15,22,2,6,8
2021-11-24,8516,8287,16803,7616,7425,15041,450,375,825,246,222,468,138,149,287,38,65,103,17,29,46,8,17,25,3,5,8
2021-11-25,2564,2459,5023,1931,1808,3739,351,277,628,151,185,336,63,83,146,40,50,90,15,23,38,9,29,38,4,4,8
2021-11-26,6241,6147,12388,5190,5123,10313,458,428,886,301,274,575,185,156,341,64,89,153,28,45,73,13,21,34,2,11,13
2021-11-27,5073,5091,10164,4562,4487,9049,197,212,409,139,153,292,110,129,239,42,59,101,15,27,42,4,16,20,4,8,12
2021-11-28,4819,4571,9390,4363,4094,8457,225,233,458,114,125,239,64,64,128,40,25,65,9,21,30,4,7,11,0,2,2
2021-11-29,4717,4722,9439,3926,3913,7839,400,395,795,229,216,445,113,102,215,31,58,89,12,23,35,4,8,12,2,7,9
2021-11-30,5806,5753,11559,4767,4648,9415,579,556,1135,246,227,473,118,151,269,68,97,165,19,45,64,6,17,23,3,12,15
2021-12-01,7240,6890,14130,6299,5882,12181,449,410,859,234,237,471,165,171,336,58,109,167,25,50,75,9,21,30,1,10,11
2021-12-02,7280,7431,14711,6165,6095,12260,523,493,1016,372,417,789,138,232,370,54,90,144,22,65,87,5,26,31,1,13,14
2021-12-03,2408,2324,4732,1814,1719,3533,299,290,589,140,131,271,79,85,164,54,52,106,18,31,49,3,13,16,1,3,4
2021-12-04,2540,2580,5120,2191,2220,4411,137,137,274,106,88,194,52,66,118,33,36,69,16,20,36,5,8,13,0,5,5
2021-12-05,1980,2025,4005,1646,1645,3291,172,166,338,73,89,162,52,65,117,26,37,63,7,13,20,3,7,10,1,3,4
2021-12-06,5349,5318,10667,4509,4409,8918,388,387,775,244,271,515,127,142,269,55,62,117,20,29,49,5,14,19,1,4,5
2021-12-07,4096,4128,8224,3148,3125,6273,467,451,918,250,266,516,138,133,271,59,90,149,28,42,70,4,17,21,2,4,6
2021-12-08,3090,3047,6137,2496,2471,4967,246,216,462,153,142,295,123,119,242,48,56,104,18,24,42,4,12,16,2,7,9
2021-12-09,5422,5286,10708,4879,4678,9557,241,226,467,146,162,308,87,98,185,44,63,107,19,39,58,5,18,23,1,2,3
2021-12-10,3421,3274,6695,2950,2749,5699,229,218,447,118,108,226,65,90,155,40,52,92,11,25,36,7,15,22,1,17,18
2021-12-11,2332,2369,4701,1849,1884,3733,234,193,427,111,123,234,74,90,164,46,40,86,14,19,33,4,16,20,0,4,4
2021-12-12,2183,2016,4199,1583,1446,3029,336,274,610,146,147,293,75,79,154,35,43,78,7,18,25,1,7,8,0,2,2
2021-12-13,2221,2104,4325,1429,1404,2833,427,355,782,196,155,351,110,103,213,40,44,84,12,25,37,6,14,20,1,4,5
2021-12-14,3146,3151,6297,2381,2371,4752,362,318,680,204,221,425,120,103,223,53,71,124,16,35,51,8,23,31,2,9,11
2021-12-15,3118,3126,6244,2404,2373,4777,303,258,561,200,187,387,135,152,287,57,76,133,17,51,68,1,16,17,1,13,14
2021-12-16,3196,2988,6184,2564,2410,4974,319,233,552,163,143,306,96,95,191,36,53,89,12,33,45,5,15,20,1,6,7
2021-12-17,2915,2914,5829,2369,2280,4649,252,229,481,142,144,286,81,126,207,49,66,115,15,36,51,5,28,33,2,5,7
2021-12-18,2325,2255,4580,1696,1651,3347,269,225,494,177,186,363,108,90,198,48,60,108,16,19,35,10,18,28,1,6,7
2021-12-19,2460,2297,4757,1828,1714,3542,298,272,570,180,141,321,96,92,188,35,34,69,13,18,31,8,16,24,2,10,12
2021-12-20,3639,3310,6949,2685,2427,5112,511,436,947,253,212,465,119,112,231,41,51,92,18,37,55,9,26,35,3,9,12
2021-12-21,4098,3644,7742,3035,2718,5753,547,445,992,286,222,508,153,164,317,52,44,96,17,18,35,6,21,27,2,12,14
2021-12-22,4335,4025,8360,3389,3042,6431,416,373,789,252,259,511,165,155,320,72,112,184,33,54,87,5,19,24,3,11,14
2021-12-23,3900,3771,7671,3051,2883,5934,429,383,812,239,240,479,123,130,253,41,67,108,13,38,51,4,22,26,0,8,8
2021-12-24,1101,971,2072,739,680,1419,172,125,297,92,88,180,66,41,107,21,17,38,8,8,16,1,7,8,2,5,7
2021-12-25,5,14,19,1,2,3,0,0,0,0,0,0,0,0,0,0,3,3,3,0,3,0,6,6,1,3,4
2021-12-26,2213,2168,4381,1682,1613,3295,255,272,527,153,156,309,80,58,138,26,32,58,10,22,32,6,9,15,1,6,7
2021-12-27,4346,3908,8254,2979,2596,5575,669,590,1259,403,327,730,195,221,416,71,80,151,20,52,72,7,32,39,2,10,12
2021-12-28,4181,3898,8079,2862,2693,5555,601,491,1092,360,340,700,243,198,441,71,92,163,35,46,81,8,27,35,1,11,12
2021-12-29,4552,4132,8684,3329,3052,6381,613,483,1096,357,341,698,168,133,301,53,55,108,19,31,50,10,33,43,3,4,7
2021-12-30,4262,3777,8039,3165,2776,5941,565,441,1006,286,270,556,163,141,304,53,63,116,23,46,69,7,31,38,0,9,9
2021-12-31,1227,1141,2368,894,810,1704,161,156,317,113,80,193,33,53,86,15,19,34,9,14,23,2,7,9,0,2,2
2022-01-01,8,10,18,4,6,10,1,2,3,2,0,2,1,1,2,0,1,1,0,0,0,0,0,0,0,0,0
2022-01-02,2245,2162,4407,1712,1613,3325,254,265,519,149,136,285,84,80,164,32,33,65,11,18,29,3,14,17,0,3,3
2022-01-03,3729,3303,7032,2268,2043,4311,848,616,1464,332,304,636,180,176,356,68,92,160,22,39,61,10,29,39,1,4,5
2022-01-04,3136,3069,6205,2052,1973,4025,539,461,1000,286,304,590,171,175,346,63,78,141,19,47,66,4,27,31,2,4,6
2022-01-05,3749,3559,7308,2418,2321,4739,790,606,1396,286,279,565,162,178,340,61,83,144,23,54,77,8,31,39,1,7,8
2022-01-06,3266,3079,6345,2418,2208,4626,440,351,791,218,225,443,105,117,222,54,90,144,23,42,65,5,29,34,3,17,20
2022-01-07,5021,4895,9916,3403,3296,6699,898,775,1673,394,355,749,185,210,395,92,140,232,29,65,94,14,40,54,6,14,20
2022-01-08,2087,1972,4059,1442,1406,2848,309,273,582,179,127,306,96,82,178,43,39,82,15,23,38,3,14,17,0,8,8
2022-01-09,2335,2075,4410,1680,1503,3183,390,320,710,146,124,270,67,62,129,38,33,71,11,21,32,1,7,8,2,5,7
2022-01-10,2723,2438,5161,1868,1703,3571,467,343,810,219,180,399,103,87,190,33,56,89,22,41,63,8,21,29,3,7,10
2022-01-11,2896,2750,5646,2061,1912,3973,446,394,840,228,209,437,88,117,205,41,53,94,21,30,51,8,23,31,3,12,15
2022-01-12,2708,2581,5289,2085,1944,4029,303,264,567,180,159,339,91,78,169,27,56,83,16,40,56,5,25,30,1,15,16
2022-01-13,2778,2548,5326,2227,2011,4238,265,238,503,148,141,289,78,73,151,39,44,83,12,22,34,7,10,17,2,9,11
2022-01-14,2597,2392,4989,2035,1913,3948,294,211,505,147,133,280,80,63,143,25,40,65,6,19,25,9,9,18,1,4,5
2022-01-15,1569,1411,2980,1280,1155,2435,169,131,300,65,55,120,38,36,74,9,21,30,6,5,11,2,4,6,0,4,4
2022-01-16,1483,1422,2905,1179,1138,2317,179,145,324,69,63,132,32,41,73,19,19,38,4,9,13,1,4,5,0,3,3
2022-01-17,3309,3099,6408,2196,2000,4196,608,545,1153,254,264,518,156,139,295,65,80,145,21,37,58,7,23,30,2,11,13
2022-01-18,2904,2654,5558,1914,1715,3629,505,436,941,293,258,551,124,122,246,40,54,94,18,37,55,5,23,28,5,9,14
2022-01-19,2804,2479,5283,1950,1776,3726,444,331,775,223,164,387,102,99,201,60,46,106,21,35,56,3,21,24,1,7,8
2022-01-20,3619,3442,7061,2684,2535,5219,454,395,849,217,230,447,163,155,318,69,68,137,20,34,54,11,21,32,1,4,5
2022-01-21,3191,2950,6141,2337,2114,4451,388,343,731,261,217,478,123,123,246,46,65,111,25,43,68,7,35,42,4,10,14
2022-01-22,1426,1314,2740,994,902,1896,215,187,402,130,112,242,59,58,117,21,19,40,6,19,25,1,13,14,0,4,4
2022-01-23,1424,1226,2650,956,859,1815,231,169,400,143,111,254,59,37,96,19,27,46,14,12,26,1,8,9,1,3,4
2022-01-24,3125,2822,5947,2108,1869,3977,547,427,974,265,248,513,120,132,252,54,70,124,23,49,72,6,23,29,2,4,6
2022-01-25,2837,2583,5420,1842,1703,3545,469,367,836,264,224,488,162,150,312,66,70,136,25,31,56,9,20,29,0,18,18
2022-01-26,2668,2445,5113,1929,1780,3709,324,260,584,215,179,394,129,129,258,50,54,104,16,20,36,3,20,23,2,3,5
2022-01-27,2501,2336,4837,1886,1780,3666,322,255,577,179,140,319,72,88,160,29,42,71,7,19,26,5,7,12,1,5,6
2022-01-28,2142,2059,4201,1547,1446,2993,283,228,511,161,151,312,82,113,195,45,52,97,11,33,44,9,24,33,4,12,16
2022-01-29,1413,1305,2718,996,885,1881,193,179,372,122,102,224,66,65,131,18,41,59,15,20,35,3,13,16,0,0,0
2022-01-30,1588,1373,2961,1169,1036,2205,210,143,353,122,94,216,56,53,109,18,24,42,9,10,19,4,10,14,0,3,3
2022-01-31,2071,1814,3885,1416,1195,2611,352,276,628,166,165,331,88,82,170,30,40,70,8,23,31,9,22,31,2,11,13
2022-02-01,2171,2055,4226,1469,1369,2838,371,304,675,185,188,373,92,89,181,24,56,80,22,25,47,6,16,22,2,8,10
2022-02-02,2179,2033,4212,1483,1360,2843,362,280,642,170,170,340,96,87,183,42,54,96,16,37,53,8,29,37,2,16,18
2022-02-03,1925,1773,3698,1431,1300,2731,260,199,459,117,138,255,69,54,123,27,24,51,12,29,41,5,18,23,4,11,15
2022-02-04,3679,3583,7262,2956,2846,5802,350,304,654,195,195,390,114,120,234,45,53,98,16,40,56,2,20,22,1,5,6
2022-02-05,1920,1870,3790,1427,1368,2795,238,179,417,133,144,277,78,101,179,23,36,59,14,18,32,4,16,20,3,8,11
2022-02-06,1977,1831,3808,1550,1454,3004,206,177,383,139,109,248,54,45,99,20,19,39,7,16,23,0,8,8,1,3,4
2022-02-07,2252,2172,4424,1672,1628,3300,308,262,570,131,129,260,86,80,166,38,35,73,13,23,36,2,10,12,2,5,7
2022-02-08,2734,2501,5235,1976,1811,3787,401,328,729,205,192,397,108,81,189,35,39,74,5,26,31,3,21,24,1,3,4
2022-02-09,2643,2483,5126,2079,1882,3961,296,280,576,158,144,302,66,81,147,27,43,70,12,20,32,3,21,24,2,12,14
2022-02-10,2582,2393,4975,2132,1971,4103,245,196,441,118,88,206,45,50,95,19,32,51,12,16,28,7,25,32,4,15,19
2022-02-11,2994,2823,5817,2289,2143,4432,373,282,655,152,177,329,106,96,202,44,57,101,21,36,57,9,23,32,0,9,9
2022-02-12,2095,1972,4067,1527,1402,2929,283,238,521,182,179,361,75,75,150,16,39,55,7,22,29,5,14,19,0,3,3
2022-02-13,1789,1726,3515,1323,1283,2606,229,197,426,165,165,330,48,45,93,15,18,33,8,9,17,0,6,6,1,3,4
2022-02-14,1884,1832,3716,1436,1351,2787,218,190,408,141,136,277,58,87,145,22,30,52,4,17,21,5,14,19,0,7,7
2022-02-15,1789,1560,3349,1210,1075,2285,309,254,563,159,119,278,69,52,121,22,27,49,11,18,29,7,10,17,2,5,7
2022-02-16,2046,1846,3892,1475,1312,2787,310,241,551,141,142,283,82,74,156,26,35,61,6,22,28,6,13,19,0,7,7
2022-02-17,2514,2248,4762,1992,1870,3862,340,210,550,94,77,171,54,43,97,23,16,39,8,23,31,2,6,8,1,3,4
2022-02-18,2207,2147,4354,1773,1737,3510,227,184,411,107,92,199,64,71,135,22,32,54,9,17,26,4,9,13,1,5,6
2022-02-19,1258,1102,2360,953,800,1753,145,130,275,85,80,165,49,40,89,12,33,45,10,14,24,3,3,6,1,2,3
2022-02-20,1081,917,1998,773,646,1419,146,106,252,84,76,160,49,45,94,14,23,37,12,9,21,3,11,14,0,1,1
2022-02-21,1491,1301,2792,1110,925,2035,175,155,330,108,102,210,64,58,122,21,29,50,10,18,28,1,11,12,2,3,5
2022-02-22,1539,1548,3087,1028,1007,2035,257,232,489,149,142,291,67,67,134,23,46,69,8,30,38,5,15,20,2,9,11
2022-02-23,1188,1084,2272,818,736,1554,171,139,310,111,109,220,50,42,92,20,24,44,9,13,22,7,12,19,2,9,11
2022-02-24,1040,1055,2095,759,694,1453,138,140,278,73,95,168,47,46,93,16,25,41,6,28,34,1,16,17,0,11,11
2022-02-25,1302,1242,2544,884,819,1703,213,179,392,103,95,198,63,77,140,25,34,59,9,21,30,4,12,16,1,5,6
2022-02-26,1026,965,1991,815,747,1562,100,89,189,55,57,112,30,35,65,16,18,34,7,6,13,3,10,13,0,3,3
2022-02-27,1080,1007,2087,859,834,1693,89,66,155,67,46,113,46,39,85,12,12,24,6,8,14,1,1,2,0,1,1
2022-02-28,750,653,1403,593,527,1120,82,55,137,39,44,83,27,17,44,6,2,8,2,7,9,1,1,2,0,0,0
2022-03-01,758,695,1453,570,509,1079,94,73,167,40,37,77,30,40,70,7,19,26,13,9,22,2,5,7,2,3,5
2022-03-02,970,998,1968,622,612,1234,167,136,303,86,105,191,59,70,129,20,33,53,10,25,35,3,11,14,3,6,9
2022-03-03,1310,1255,2565,865,781,1646,234,195,429,117,127,244,59,53,112,19,41,60,10,25,35,3,23,26,3,10,13
2022-03-04,931,919,1850,526,519,1045,274,219,493,75,80,155,27,44,71,15,22,37,10,17,27,4,14,18,0,4,4
2022-03-05,549,548,1097,411,389,800,70,75,145,43,31,74,12,25,37,10,14,24,2,9,11,0,2,2,1,3,4
2022-03-06,782,753,1535,639,608,1247,74,76,150,43,36,79,17,21,38,7,8,15,2,1,3,0,3,3,0,0,0
2022-03-07,1035,891,1926,702,627,1329,159,115,274,101,66,167,52,47,99,7,21,28,9,9,18,2,2,4,3,4,7
2022-03-08,1027,989,2016,723,709,1432,151,126,277,82,73,155,39,34,73,21,23,44,6,11,17,5,8,13,0,5,5
2022-03-09,812,754,1566,505,449,954,159,106,265,81,72,153,38,43,81,14,35,49,8,21,29,3,21,24,4,7,11
2022-03-10,1145,963,2108,840,695,1535,144,104,248,85,80,165,46,40,86,16,15,31,8,18,26,4,4,8,2,7,9
2022-03-11,1059,1030,2089,766,715,1481,147,143,290,74,83,157,44,39,83,14,24,38,10,11,21,4,10,14,0,5,5
2022-03-12,495,500,995,337,332,669,76,76,152,37,43,80,32,20,52,8,14,22,3,7,10,2,7,9,0,1,1
2022-03-13,413,422,835,274,277,551,84,65,149,32,43,75,13,21,34,6,6,12,4,5,9,0,3,3,0,2,2
2022-03-14,1273,1146,2419,858,790,1648,236,183,419,104,86,190,46,51,97,20,17,37,6,7,13,2,9,11,1,3,4
2022-03-15,1236,1139,2375,847,763,1610,214,163,377,106,109,215,39,50,89,23,29,52,4,8,12,3,12,15,0,5,5
2022-03-16,1138,1047,2185,872,766,1638,145,121,266,60,63,123,34,49,83,16,28,44,8,12,20,1,5,6,2,3,5
2022-03-17,1323,1275,2598,938,869,1807,214,188,402,87,93,180,42,50,92,27,31,58,11,21,32,3,16,19,1,7,8
2022-03-18,922,885,1807,686,640,1326,131,113,244,57,53,110,22,36,58,16,20,36,8,8,16,2,11,13,0,4,4
2022-03-19,680,676,1356,478,481,959,121,92,213,43,51,94,19,22,41,11,12,23,5,10,15,3,4,7,0,4,4
2022-03-20,495,429,924,365,327,692,75,49,124,22,26,48,16,16,32,10,4,14,4,5,9,2,1,3,1,1,2
2022-03-21,788,736,1524,444,390,834,180,132,312,99,90,189,38,50,88,14,34,48,9,20,29,3,13,16,1,7,8
2022-03-22,649,561,1210,399,309,708,137,104,241,69,67,136,30,40,70,11,17,28,3,9,12,0,12,12,0,3,3
2022-03-23,845,770,1615,501,455,956,181,128,309,92,95,187,46,44,90,18,20,38,6,15,21,1,11,12,0,2,2
2022-03-24,607,538,1145,476,400,876,69,64,133,37,27,64,18,19,37,6,14,20,0,7,7,1,6,7,0,1,1
2022-03-25,951,914,1865,665,640,1305,157,129,286,69,76,145,33,29,62,16,20,36,5,8,13,5,8,13,1,4,5
2022-03-26,518,461,979,418,367,785,57,41,98,23,27,50,14,17,31,3,4,7,3,4,7,0,1,1,0,0,0
2022-03-27,479,384,863,382,302,684,46,32,78,30,21,51,13,16,29,7,7,14,1,4,5,0,1,1,0,1,1
2022-03-28,621,535,1156,432,348,780,104,79,183,42,44,86,23,29,52,13,17,30,5,8,13,2,9,11,0,1,1
2022-03-29,508,492,1000,351,325,676,85,76,161,47,46,93,16,23,39,4,6,10,5,8,13,0,6,6,0,2,2
2022-03-30,649,572,1221,434,364,798,98,63,161,71,58,129,27,36,63,11,14,25,6,11,17,2,12,14,0,14,14
2022-03-31,657,532,1189,467,388,855,91,57,148,52,38,90,25,21,46,12,9,21,6,11,17,4,6,10,0,2,2
2022-04-01,610,603,1213,456,443,899,79,76,155,35,34,69,28,28,56,7,9,16,2,7,9,2,6,8,1,0,1
2022-04-02,462,422,884,370,357,727,47,34,81,26,18,44,8,8,16,8,1,9,1,2,3,2,1,3,0,1,1
2022-04-03,416,395,811,341,340,681,38,30,68,20,12,32,8,7,15,7,4,11,1,0,1,1,1,2,0,1,1
2022-04-04,395,344,739,245,203,448,79,56,135,41,44,85,16,18,34,5,9,14,6,9,15,3,3,6,0,2,2
2022-04-05,310,302,612,202,197,399,58,44,102,29,26,55,10,13,23,5,8,13,5,3,8,1,7,8,0,4,4
2022-04-06,407,368,775,250,216,466,101,68,169,29,30,59,15,24,39,8,13,21,1,7,8,1,8,9,2,2,4
2022-04-07,396,347,743,286,256,542,48,40,88,29,22,51,20,20,40,10,4,14,2,2,4,1,3,4,0,0,0
2022-04-08,426,374,800,314,254,568,54,53,107,31,29,60,14,13,27,8,6,14,5,11,16,0,6,6,0,2,2
2022-04-09,464,437,901,421,388,809,21,19,40,8,12,20,7,6,13,6,8,14,1,3,4,0,0,0,0,1,1
2022-04-10,449,374,823,392,319,711,30,20,50,10,20,30,10,7,17,1,5,6,2,1,3,4,2,6,0,0,0
2022-04-11,386,310,696,260,206,466,53,49,102,40,19,59,19,17,36,6,11,17,3,3,6,5,5,10,0,0,0
2022-04-12,339,310,649,207,200,407,64,50,114,34,30,64,23,15,38,6,9,15,2,4,6,3,1,4,0,1,1
2022-04-13,374,355,729,232,226,458,77,55,132,33,29,62,17,16,33,10,10,20,3,10,13,0,9,9,2,0,2
2022-04-14,179,175,354,153,141,294,15,20,35,7,8,15,2,4,6,1,1,2,1,0,1,0,1,1,0,0,0
2022-04-15,169,130,299,135,110,245,15,10,25,8,6,14,8,1,9,3,2,5,0,1,1,0,0,0,0,0,0
2022-04-16,173,144,317,129,106,235,16,9,25,13,14,27,11,6,17,1,8,9,3,1,4,0,0,0,0,0,0
2022-04-17,71,71,142,55,63,118,8,4,12,6,1,7,0,1,1,1,2,3,0,0,0,1,0,1,0,0,0
2022-04-18,369,274,643,238,178,416,73,34,107,32,29,61,17,16,33,8,9,17,1,0,1,0,4,4,0,4,4
2022-04-19,345,281,626,205,171,376,80,47,127,32,21,53,15,24,39,9,10,19,3,2,5,1,6,7,0,0,0
2022-04-20,493,447,940,249,223,472,147,102,249,52,47,99,25,37,62,13,13,26,7,11,18,0,8,8,0,6,6
2022-04-21,514,451,965,262,256,518,137,92,229,54,39,93,37,24,61,14,21,35,7,12,19,3,3,6,0,4,4
2022-04-22,382,373,755,242,215,457,67,57,124,43,41,84,21,28,49,3,17,20,4,8,12,2,4,6,0,3,3
2022-04-23,291,244,535,266,216,482,12,14,26,7,7,14,3,4,7,1,1,2,2,1,3,0,0,0,0,1,1
2022-04-24,64,244,308,41,214,255,11,9,20,7,8,15,4,6,10,1,4,5,0,1,1,0,1,1,0,1,1
2022-04-25,237,208,445,153,131,284,47,31,78,13,14,27,14,9,23,7,8,15,2,4,6,1,6,7,0,5,5
2022-04-26,217,187,404,134,115,249,45,34,79,18,21,39,7,7,14,7,5,12,3,3,6,2,1,3,1,1,2
2022-04-27,264,257,521,158,143,301,45,51,96,26,32,58,16,14,30,9,7,16,8,8,16,2,2,4,0,0,0
2022-04-28,458,447,905,337,321,658,68,54,122,27,25,52,15,20,35,6,6,12,4,6,10,1,9,10,0,6,6
2022-04-29,274,293,567,179,188,367,47,43,90,30,25,55,12,13,25,4,9,13,1,6,7,0,3,3,1,6,7
2022-04-30,218,213,431,182,175,357,15,19,34,14,7,21,2,6,8,2,3,5,3,2,5,0,1,1,0,0,0
2022-05-01,1,2,3,0,1,1,0,0,0,0,1,1,0,0,0,1,0,1,0,0,0,0,0,0,0,0,0
2022-05-02,265,228,493,168,125,293,49,40,89,25,26,51,14,19,33,5,8,13,2,7,9,2,3,5,0,0,0
2022-05-03,323,313,636,202,183,385,71,52,123,21,30,51,12,17,29,9,6,15,5,10,15,1,11,12,2,4,6
2022-05-04,341,298,639,241,190,431,50,42,92,24,23,47,14,18,32,8,9,17,2,10,12,1,4,5,1,2,3
2022-05-05,367,352,719,247,211,458,62,65,127,33,29,62,8,11,19,6,13,19,8,13,21,3,6,9,0,4,4
2022-05-06,318,347,665,191,218,409,62,46,108,34,34,68,17,20,37,9,12,21,2,4,6,3,9,12,0,4,4
2022-05-07,174,197,371,142,152,294,11,16,27,8,12,20,4,6,10,5,6,11,2,4,6,2,1,3,0,0,0
2022-05-08,160,143,303,127,120,247,12,4,16,10,7,17,5,8,13,2,2,4,4,1,5,0,1,1,0,0,0
2022-05-09,217,205,422,139,138,277,38,31,69,17,9,26,9,12,21,7,5,12,6,4,10,1,4,5,0,2,2
2022-05-10,337,318,655,235,209,444,41,42,83,29,23,52,14,19,33,12,10,22,4,5,9,2,9,11,0,1,1
2022-05-11,300,239,539,181,148,329,52,43,95,25,17,42,26,10,36,11,10,21,5,8,13,0,2,2,0,1,1
2022-05-12,261,266,527,167,170,337,51,35,86,20,27,47,12,17,29,9,4,13,0,5,5,1,4,5,1,4,5
2022-05-13,320,389,709,211,227,438,55,62,117,31,36,67,13,26,39,4,16,20,4,6,10,2,9,11,0,7,7
2022-05-14,250,196,446,213,156,369,15,13,28,12,10,22,7,6,13,1,5,6,2,4,6,0,2,2,0,0,0
2022-05-15,229,190,419,192,154,346,17,16,33,8,8,16,9,5,14,3,2,5,0,3,3,0,2,2,0,0,0
2022-05-16,246,196,442,153,108,261,34,33,67,20,16,36,15,7,22,9,8,17,8,13,21,4,8,12,3,3,6
2022-05-17,313,279,592,212,189,401,50,35,85,27,23,50,12,13,25,4,5,9,6,6,12,0,6,6,2,2,4
2022-05-18,0,0,0,0,0,0,0,0,0,0,0,0,0,0,0,0,0,0,0,0,0,0,0,0,0,0,0
2022-05-19,241,262,503,167,160,327,33,36,69,11,21,32,16,21,37,7,10,17,4,8,12,2,4,6,1,2,3
2022-05-20,270,321,591,187,211,398,39,59,98,24,22,46,11,14,25,5,6,11,3,6,9,1,1,2,0,2,2
2022-05-21,217,186,403,178,149,327,20,15,35,5,8,13,8,7,15,3,5,8,1,2,3,1,0,1,1,0,1
