FECHA,TotalA,TotalB,Total,<=30A,<=30B,<=30,31-40A,31-40B,31-40,41-50A,41-50B,41-50,51-60A,51-60B,51-60,61-70A,61-70B,61-70,71-80A,71-80B,71-80,81-90A,81-90B,81-90,>=91A,>=91B,>=91
2020-12-29,775,0,775,120,0,120,248,0,248,247,0,247,157,0,157,3,0,3,0,0,0,0,0,0,0,0,0
2020-12-30,1678,0,1678,284,0,284,543,0,543,518,0,518,327,0,327,6,0,6,0,0,0,0,0,0,0,0,0
2020-12-31,1775,0,1775,294,0,294,574,0,574,555,0,555,345,0,345,7,0,7,0,0,0,0,0,0,0,0,0
2021-01-01,1775,0,1775,294,0,294,574,0,574,555,0,555,345,0,345,7,0,7,0,0,0,0,0,0,0,0,0
2021-01-02,2205,0,2205,341,0,341,741,0,741,685,0,685,429,0,429,9,0,9,0,0,0,0,0,0,0,0,0
2021-01-03,2374,0,2374,367,0,367,814,0,814,727,0,727,457,0,457,9,0,9,0,0,0,0,0,0,0,0,0
2021-01-04,3314,0,3314,529,0,529,1133,0,1133,1005,0,1005,637,0,637,10,0,10,0,0,0,0,0,0,0,0,0
2021-01-05,4641,0,4641,739,0,739,1620,0,1620,1378,0,1378,889,0,889,14,0,14,1,0,1,0,0,0,0,0,0
2021-01-06,6079,0,6079,1000,0,1000,2093,0,2093,1793,0,1793,1175,0,1175,17,0,17,1,0,1,0,0,0,0,0,0
2021-01-07,7668,0,7668,1259,0,1259,2643,0,2643,2256,0,2256,1492,0,1492,17,0,17,1,0,1,0,0,0,0,0,0
2021-01-08,9525,0,9525,1610,0,1610,3275,0,3275,2790,0,2790,1824,0,1824,25,0,25,1,0,1,0,0,0,0,0,0
2021-01-09,9969,0,9969,1664,0,1664,3449,0,3449,2931,0,2931,1899,0,1899,25,0,25,1,0,1,0,0,0,0,0,0
2021-01-10,10540,0,10540,1745,0,1745,3690,0,3690,3087,0,3087,1990,0,1990,27,0,27,1,0,1,0,0,0,0,0,0
2021-01-11,12402,0,12402,2114,0,2114,4361,0,4361,3590,0,3590,2304,0,2304,32,0,32,1,0,1,0,0,0,0,0,0
2021-01-12,14094,0,14094,2402,0,2402,4985,0,4985,4035,0,4035,2637,0,2637,34,0,34,1,0,1,0,0,0,0,0,0
2021-01-13,15453,0,15453,2661,0,2661,5474,0,5474,4398,0,4398,2884,0,2884,35,0,35,1,0,1,0,0,0,0,0,0
2021-01-14,17681,0,17681,3112,0,3112,6254,0,6254,5015,0,5015,3263,0,3263,36,0,36,1,0,1,0,0,0,0,0,0
2021-01-15,21105,0,21105,3780,0,3780,7493,0,7493,5938,0,5938,3854,0,3854,39,0,39,1,0,1,0,0,0,0,0,0
2021-01-16,22442,0,22442,4030,0,4030,8000,0,8000,6303,0,6303,4069,0,4069,39,0,39,1,0,1,0,0,0,0,0,0
2021-01-17,23274,0,23274,4189,0,4189,8328,0,8328,6530,0,6530,4187,0,4187,39,0,39,1,0,1,0,0,0,0,0,0
2021-01-18,23781,0,23781,4271,0,4271,8492,0,8492,6693,0,6693,4285,0,4285,39,0,39,1,0,1,0,0,0,0,0,0
2021-01-19,24113,426,24539,4328,46,4374,8611,134,8745,6784,150,6934,4350,93,4443,39,3,42,1,0,1,0,0,0,0,0,0
2021-01-20,24265,1072,25337,4358,143,4501,8651,353,9004,6832,350,7182,4383,222,4605,40,4,44,1,0,1,0,0,0,0,0,0
2021-01-21,24352,1301,25653,4371,182,4553,8673,427,9100,6857,422,7279,4404,265,4669,45,5,50,2,0,2,0,0,0,0,0,0
2021-01-22,24358,1378,25736,4373,196,4569,8673,454,9127,6860,448,7308,4404,274,4678,46,6,52,2,0,2,0,0,0,0,0,0
2021-01-23,24363,1695,26058,4374,227,4601,8676,577,9253,6861,546,7407,4404,338,4742,46,7,53,2,0,2,0,0,0,0,0,0
2021-01-24,24366,1825,26191,4374,242,4616,8676,634,9310,6863,581,7444,4405,361,4766,46,7,53,2,0,2,0,0,0,0,0,0
2021-01-25,24374,2558,26932,4376,362,4738,8677,865,9542,6864,804,7668,4409,517,4926,46,10,56,2,0,2,0,0,0,0,0,0
2021-01-26,24393,3556,27949,4379,505,4884,8680,1192,9872,6872,1117,7989,4413,726,5139,47,16,63,2,0,2,0,0,0,0,0,0
2021-01-27,24400,4658,29058,4380,694,5074,8681,1557,10238,6874,1426,8300,4414,962,5376,49,19,68,2,0,2,0,0,0,0,0,0
2021-01-28,24403,5924,30327,4380,914,5294,8681,1982,10663,6875,1780,8655,4414,1229,5643,51,19,70,2,0,2,0,0,0,0,0,0
2021-01-29,24408,7622,32030,4380,1204,5584,8685,2598,11283,6876,2269,9145,4414,1524,5938,51,27,78,2,0,2,0,0,0,0,0,0
2021-01-30,24408,8037,32445,4380,1262,5642,8685,2762,11447,6876,2393,9269,4414,1593,6007,51,27,78,2,0,2,0,0,0,0,0,0
2021-01-31,24409,8379,32788,4380,1318,5698,8685,2897,11582,6876,2485,9361,4415,1651,6066,51,28,79,2,0,2,0,0,0,0,0,0
2021-02-01,24409,9868,34277,4380,1584,5964,8685,3453,12138,6876,2890,9766,4415,1908,6323,51,33,84,2,0,2,0,0,0,0,0,0
2021-02-02,26137,11328,37465,4477,1844,6321,8938,3954,12892,7136,3273,10409,4790,2223,7013,719,34,753,69,0,69,7,0,7,1,0,1
2021-02-03,28490,12552,41042,4706,2079,6785,9459,4374,13833,7619,3589,11208,5259,2474,7733,1302,36,1338,132,0,132,12,0,12,1,0,1
2021-02-04,30256,14352,44608,4851,2417,7268,9836,5020,14856,7973,4093,12066,5650,2786,8436,1719,36,1755,206,0,206,19,0,19,2,0,2
2021-02-05,33069,17160,50229,5173,2953,8126,10582,6064,16646,8559,4822,13381,6247,3281,9528,2181,40,2221,299,0,299,26,0,26,2,0,2
2021-02-06,33369,18108,51477,5198,3127,8325,10661,6397,17058,8634,5093,13727,6318,3451,9769,2229,40,2269,301,0,301,26,0,26,2,0,2
2021-02-07,33743,18739,52482,5246,3223,8469,10785,6623,17408,8736,5293,14029,6378,3560,9938,2266,40,2306,304,0,304,26,0,26,2,0,2
2021-02-08,34918,20024,54942,5387,3490,8877,11103,7084,18187,9018,5648,14666,6598,3762,10360,2458,40,2498,325,0,325,27,0,27,2,0,2
2021-02-09,36896,20963,57859,5699,3661,9360,11654,7404,19058,9437,5917,15354,7004,3941,10945,2723,40,2763,345,0,345,32,0,32,2,0,2
2021-02-10,37915,21511,59426,5848,3760,9608,11919,7597,19516,9690,6072,15762,7216,4042,11258,2844,40,2884,361,0,361,35,0,35,2,0,2
2021-02-11,39027,21914,60941,6019,3840,9859,12256,7750,20006,9947,6179,16126,7428,4100,11528,2958,45,3003,381,0,381,36,0,36,2,0,2
2021-02-12,39924,22470,62394,6145,3940,10085,12555,7949,20504,10167,6350,16517,7571,4185,11756,3044,46,3090,401,0,401,39,0,39,2,0,2
2021-02-13,39955,22511,62466,6149,3946,10095,12564,7968,20532,10175,6357,16532,7579,4194,11773,3045,46,3091,402,0,402,39,0,39,2,0,2
2021-02-14,39956,22540,62496,6149,3955,10104,12564,7977,20541,10176,6366,16542,7579,4196,11775,3045,46,3091,402,0,402,39,0,39,2,0,2
2021-02-15,39956,22540,62496,6149,3955,10104,12564,7977,20541,10176,6366,16542,7579,4196,11775,3045,46,3091,402,0,402,39,0,39,2,0,2
2021-02-16,39962,22581,62543,6149,3957,10106,12569,7998,20567,10177,6380,16557,7579,4199,11778,3045,46,3091,402,1,403,39,0,39,2,0,2
2021-02-17,41959,22887,64846,6450,4011,10461,13148,8115,21263,10686,6474,17160,7970,4240,12210,3246,46,3292,418,1,419,39,0,39,2,0,2
2021-02-18,47400,23175,70575,7156,4063,11219,14612,8221,22833,11994,6568,18562,9081,4276,13357,3900,46,3946,591,1,592,64,0,64,2,0,2
2021-02-19,52687,23375,76062,7846,4102,11948,16104,8292,24396,13351,6621,19972,10091,4312,14403,4444,47,4491,760,1,761,86,0,86,5,0,5
2021-02-20,53910,23390,77300,7970,4106,12076,16504,8300,24804,13653,6624,20277,10329,4312,14641,4579,47,4626,783,1,784,87,0,87,5,0,5
2021-02-21,54742,23391,78133,8070,4106,12176,16783,8301,25084,13864,6624,20488,10494,4312,14806,4642,47,4689,795,1,796,89,0,89,5,0,5
2021-02-22,64272,23529,87801,8686,4130,12816,17949,8351,26300,14790,6665,21455,11271,4335,15606,5267,47,5314,1725,1,1726,3986,0,3986,598,0,598
2021-02-23,74012,25169,99181,9353,4243,13596,19246,8597,27843,15936,6947,22883,12107,4662,16769,5755,648,6403,2519,66,2585,7884,5,7889,1212,1,1213
2021-02-24,83864,26984,110848,9928,4387,14315,20454,8994,29448,16980,7317,24297,12824,5023,17847,6162,1127,7289,3467,125,3592,12167,10,12177,1882,1,1883
2021-02-25,93628,28815,122443,10516,4565,15081,21685,9375,31060,17971,7711,25682,13597,5408,19005,6578,1547,8125,4311,190,4501,16375,17,16392,2595,2,2597
2021-02-26,102926,31334,134260,11061,4831,15892,22745,9975,32720,18792,8224,27016,14279,5975,20254,6963,2019,8982,5113,284,5397,20622,24,20646,3351,2,3353
2021-02-27,104431,31450,135881,11160,4846,16006,22938,10008,32946,18976,8250,27226,14419,6002,20421,7106,2034,9140,5304,284,5588,21031,24,21055,3497,2,3499
2021-02-28,104796,31592,136388,11175,4863,16038,22966,10069,33035,18994,8283,27277,14432,6018,20450,7159,2048,9207,5356,285,5641,21150,24,21174,3564,2,3566
2021-03-01,112831,32711,145542,11388,4992,16380,23443,10376,33819,19354,8542,27896,14763,6235,20998,7415,2234,9649,6253,306,6559,25917,24,25941,4298,2,4300
2021-03-02,120508,33938,154446,11647,5157,16804,23887,10666,34553,19690,8806,28496,14995,6504,21499,7697,2450,10147,7175,324,7499,30401,29,30430,5016,2,5018
2021-03-03,127560,35568,163128,11818,5377,17195,24248,11150,35398,20004,9208,29212,15208,6836,22044,7896,2624,10520,7983,338,8321,34635,33,34668,5768,2,5770
2021-03-04,130515,36752,167267,12064,5573,17637,24675,11509,36184,20363,9454,29817,15458,7057,22515,8107,2759,10866,8277,365,8642,35636,33,35669,5935,2,5937
2021-03-05,133058,37914,170972,12245,5731,17976,25154,11855,37009,20812,9747,30559,15812,7269,23081,8313,2888,11201,8473,387,8860,36202,35,36237,6047,2,6049
2021-03-06,135920,38033,173953,12508,5746,18254,25814,11895,37709,21426,9778,31204,16316,7295,23611,8391,2894,11285,8683,388,9071,36592,35,36627,6190,2,6192
2021-03-07,138621,38044,176665,12733,5747,18480,26442,11902,38344,22027,9780,31807,16799,7295,24094,8469,2895,11364,8883,388,9271,36917,35,36952,6351,2,6353
2021-03-08,143043,38397,181440,13031,5793,18824,26970,12001,38971,22460,9868,32328,17214,7367,24581,8830,2936,11766,9366,393,9759,38450,37,38487,6722,2,6724
2021-03-09,153465,38585,192050,13464,5824,19288,27908,12082,39990,23225,9907,33132,17944,7391,25335,9443,2948,12391,10454,394,10848,43411,37,43448,7616,2,7618
2021-03-10,165672,39135,204807,14122,5896,20018,29273,12227,41500,24544,10035,34579,19149,7529,26678,9940,3009,12949,11496,400,11896,48614,37,48651,8534,2,8536
2021-03-11,179559,42753,222312,15028,6314,21342,31155,13121,44276,26489,10842,37331,20541,8287,28828,10279,3571,13850,12523,555,13078,54160,61,54221,9384,2,9386
2021-03-12,189058,47358,236416,15899,6923,22822,33288,14344,47632,28535,12003,40538,22068,9199,31267,10501,4095,14596,12925,712,13637,56082,79,56161,9760,3,9763
2021-03-13,194832,48177,243009,16801,6998,23799,34972,14580,49552,30102,12216,42318,23153,9375,32528,10616,4199,14815,13021,725,13746,56322,81,56403,9845,3,9848
2021-03-14,199101,48906,248007,17340,7069,24409,36139,14822,50961,31416,12417,43833,24185,9521,33706,10770,4258,15028,13077,734,13811,56329,82,56411,9845,3,9848
2021-03-15,206724,53225,259949,18034,7661,25695,37769,16050,53819,33080,13472,46552,25567,10333,35900,11127,4707,15834,13460,889,14349,57649,108,57757,10038,5,10043
2021-03-16,216371,56954,273325,18629,8177,26806,39075,17138,56213,34467,14368,48835,26749,11036,37785,11643,5124,16767,14312,985,15297,61038,119,61157,10458,7,10465
2021-03-17,225662,61078,286740,19052,8727,27779,40211,18325,58536,35610,15419,51029,27701,11756,39457,12319,5544,17863,15244,1152,16396,64593,146,64739,10932,9,10941
2021-03-18,236590,64382,300972,19849,9172,29021,41956,19249,61205,37238,16242,53480,29079,12398,41477,12862,5917,18779,16299,1229,17528,67855,165,68020,11452,10,11462
2021-03-19,247260,67742,315002,20724,9646,30370,43836,20209,64045,39048,17073,56121,30507,13085,43592,13161,6249,19410,17045,1295,18340,70805,175,70980,12134,10,12144
2021-03-20,253817,68307,322124,20954,9707,30661,44358,20369,64727,39547,17229,56776,31051,13208,44259,14642,6301,20943,18041,1307,19348,72684,176,72860,12540,10,12550
2021-03-21,258478,68784,327262,20974,9773,30747,44409,20523,64932,39577,17323,56900,31266,13283,44549,16640,6360,23000,19123,1330,20453,73718,182,73900,12771,10,12781
2021-03-22,262278,71522,333800,21073,10135,31208,44559,21366,65925,39766,17946,57712,31625,13797,45422,18368,6648,25016,20175,1429,21604,73903,191,74094,12809,10,12819
2021-03-23,269826,73933,343759,21155,10442,31597,44699,22061,66760,39929,18527,58456,31884,14202,46086,19377,6917,26294,21245,1554,22799,77750,220,77970,13787,10,13797
2021-03-24,275520,74226,349746,21163,10457,31620,44712,22088,66800,39939,18553,58492,31969,14218,46187,20032,7065,27097,22192,1607,23799,81068,228,81296,14445,10,14455
2021-03-25,280441,75683,356124,21346,10701,32047,45066,22548,67614,40280,18889,59169,32233,14433,46666,20168,7177,27345,22892,1672,24564,83487,249,83736,14969,14,14983
2021-03-26,282763,77090,359853,21356,10822,32178,45099,22820,67919,40305,19111,59416,32266,14624,46890,20275,7574,27849,23279,1862,25141,84814,263,85077,15369,14,15383
2021-03-27,285307,77144,362451,21361,10825,32186,45105,22834,67939,40308,19124,59432,32280,14637,46917,20326,7580,27906,23753,1867,25620,86380,263,86643,15794,14,15808
2021-03-28,287877,77168,365045,21367,10825,32192,45112,22837,67949,40315,19129,59444,32296,14641,46937,20387,7588,27975,24151,1870,26021,87956,264,88220,16293,14,16307
2021-03-29,294995,78179,373174,21952,10966,32918,46339,23122,69461,41362,19327,60689,33119,14837,47956,20657,7754,28411,24762,1891,26653,89911,268,90179,16893,14,16907
2021-03-30,304136,79406,383542,22211,11119,33330,46941,23419,70360,41880,19571,61451,36321,15063,51384,22447,7973,30420,25745,1970,27715,91249,277,91526,17342,14,17356
2021-03-31,315863,80346,396209,22818,11270,34088,48390,23704,72094,43248,19716,62964,36896,15220,52116,22674,8125,30799,30913,2017,32930,93004,280,93284,17920,14,17934
2021-04-01,327817,80500,408317,22858,11284,34142,48458,23746,72204,44794,19746,64540,38013,15245,53258,22908,8160,31068,38318,2025,40343,94216,280,94496,18252,14,18266
2021-04-02,339445,80500,419945,22862,11284,34146,48467,23746,72213,47439,19746,67185,38034,15245,53279,22949,8160,31109,46132,2025,48157,95101,280,95381,18461,14,18475
2021-04-03,349281,80500,429781,22871,11284,34155,48474,23746,72220,47454,19746,67200,38050,15245,53295,22969,8160,31129,55350,2025,57375,95502,280,95782,18611,14,18625
2021-04-04,352095,80539,432634,22871,11284,34155,48476,23746,72222,47460,19747,67207,38054,15250,53304,22979,8185,31164,58104,2033,60137,95524,280,95804,18627,14,18641
2021-04-05,367265,81229,448494,23008,11362,34370,48585,23910,72495,47607,19882,67489,38194,15385,53579,23167,8321,31488,72038,2071,74109,95912,284,96196,18754,14,18768
2021-04-06,384634,81699,466333,23172,11450,34622,48793,24051,72844,47738,19969,67707,38297,15465,53762,23401,8380,31781,87666,2086,89752,96616,284,96900,18951,14,18965
2021-04-07,403513,82299,485812,23329,11504,34833,49068,24166,73234,47899,20054,67953,38414,15570,53984,24664,8582,33246,103260,2124,105384,97688,285,97973,19191,14,19205
2021-04-08,423840,82544,506384,23606,11555,35161,49484,24227,73711,48127,20086,68213,38614,15621,54235,28390,8612,37002,118274,2134,120408,98054,293,98347,19291,16,19307
2021-04-09,441720,83287,525007,23864,11672,35536,49867,24455,74322,48357,20237,68594,38787,15722,54509,31479,8719,40198,131375,2168,133543,98530,298,98828,19461,16,19477
2021-04-10,448254,84615,532869,23881,11811,35692,49893,24644,74537,48370,20422,68792,38807,15878,54685,32706,9153,41859,136483,2372,138855,98619,317,98936,19495,18,19513
2021-04-11,454455,85945,540400,23883,11965,35848,49899,24917,74816,48372,20635,69007,38815,16101,54916,33859,9509,43368,141400,2470,143870,98698,329,99027,19529,19,19548
2021-04-12,474272,86760,561032,24179,12043,36222,50315,25034,75349,48617,20731,69348,39014,16207,55221,37481,9804,47285,156067,2573,158640,98966,349,99315,19633,19,19652
2021-04-13,489526,90959,580485,24462,12152,36614,50696,25222,75918,48944,20857,69801,39241,16546,55787,40598,12070,52668,166526,3703,170229,99311,389,99700,19748,20,19768
2021-04-14,501244,95634,596878,24759,12163,36922,51032,25234,76266,49267,20875,70142,39367,16553,55920,42410,12097,54507,174711,5284,179995,99817,3002,102819,19881,426,20307
2021-04-15,506007,99854,605861,24939,12165,37104,51168,25238,76406,49367,20877,70244,39453,16556,56009,43165,15448,58613,177905,6103,184008,100061,3035,103096,19949,432,20381
2021-04-16,515150,100253,615403,25067,12170,37237,51236,25245,76481,49427,20883,70310,39479,16562,56041,44617,15463,60080,184030,6415,190445,101092,3081,104173,20202,434,20636
2021-04-17,515954,100254,616208,25097,12170,37267,51278,25245,76523,49496,20884,70380,39547,16562,56109,44700,15463,60163,184441,6415,190856,101167,3081,104248,20228,434,20662
2021-04-18,516261,100255,616516,25119,12170,37289,51316,25245,76561,49558,20884,70442,39619,16562,56181,44726,15463,60189,184472,6416,190888,101205,3081,104286,20246,434,20680
2021-04-19,526620,100301,626921,25301,12177,37478,51386,25252,76638,49617,20890,70507,39637,16573,56210,45888,15470,61358,191666,6420,198086,102577,3084,105661,20548,435,20983
2021-04-20,537554,106114,643668,25519,12184,37703,51516,25273,76789,49757,20901,70658,40194,17527,57721,51109,18195,69304,195005,7129,202134,103635,3949,107584,20819,956,21775
2021-04-21,558004,106166,664170,25631,12202,37833,51599,25284,76883,49836,20913,70749,40488,17533,58021,69796,18198,87994,195958,7130,203088,103809,3949,107758,20887,957,21844
2021-04-22,581985,106170,688155,25724,12202,37926,51683,25285,76968,49919,20914,70833,40592,17535,58127,92223,18198,110421,196915,7130,204045,104001,3949,107950,20928,957,21885
2021-04-23,605374,106191,711565,25797,12203,38000,51783,25287,77070,50039,20920,70959,40729,17544,58273,114306,18201,132507,197523,7130,204653,104193,3949,108142,21004,957,21961
2021-04-24,611803,106191,717994,25811,12203,38014,51796,25287,77083,50070,20920,70990,40769,17544,58313,120112,18201,138313,197926,7130,205056,104285,3949,108234,21034,957,21991
2021-04-25,612008,106191,718199,25815,12203,38018,51803,25287,77090,50087,20920,71007,40785,17544,58329,120248,18201,138449,197937,7130,205067,104293,3949,108242,21040,957,21997
2021-04-26,615880,106203,722083,25833,12205,38038,51825,25288,77113,50102,20924,71026,40804,17546,58350,123574,18203,141777,198287,7130,205417,104383,3950,108333,21072,957,22029
2021-04-27,620064,106252,726316,25977,12208,38185,51948,25306,77254,50203,20933,71136,40890,17551,58441,126132,18212,144344,199231,7134,206365,104568,3951,108519,21115,957,22072
2021-04-28,626268,123143,749411,26152,14587,40739,52172,30943,83115,50350,25922,76272,40990,21421,62411,130999,18224,149223,199753,7136,206889,104696,3953,108649,21156,957,22113
2021-04-29,633285,135816,769101,26349,16165,42514,52382,35007,87389,50474,29826,80300,41103,24532,65635,136406,18228,154634,200413,7145,207558,104919,3954,108873,21239,959,22198
2021-04-30,636583,135828,772411,26544,16166,42710,52655,35008,87663,50612,29829,80441,41206,24533,65739,138346,18231,156577,200893,7147,208040,105036,3954,108990,21291,960,22251
2021-05-01,637836,136165,774001,26544,16206,42750,52657,35161,87818,50613,29903,80516,41212,24588,65800,139236,18245,157481,201141,7148,208289,105111,3954,109065,21322,960,22282
2021-05-02,640084,148046,788130,26604,17394,43998,52760,38038,90798,50668,32733,83401,41306,26755,68061,140752,18271,159023,201425,9894,211319,105206,3995,109201,21363,966,22329
2021-05-03,654436,153426,807862,26752,17407,44159,53013,38053,91066,50792,32750,83542,43278,26766,70044,152123,18291,170414,201775,14991,216766,105298,4168,109466,21405,1000,22405
2021-05-04,679883,153825,833708,26961,17411,44372,53279,38059,91338,50928,32758,83686,47725,26767,74492,172101,18325,190426,202034,15314,217348,105397,4190,109587,21458,1001,22459
2021-05-05,688452,171208,859660,27255,17427,44682,53651,38089,91740,51275,32777,84052,48930,26806,75736,178074,20091,198165,202229,29932,232161,105529,4949,110478,21509,1137,22646
2021-05-06,694490,174140,868630,27462,17429,44891,53918,38093,92011,51524,32783,84307,49771,26813,76584,182104,20447,202551,202533,32393,234926,105633,5026,110659,21545,1156,22701
2021-05-07,697520,192151,889671,27635,17680,45315,54176,38579,92755,51664,33222,84886,50190,27160,77350,183887,22858,206745,202702,46102,248804,105678,5325,111003,21588,1225,22813
2021-05-08,700213,207129,907342,27635,19472,47107,54177,42544,96721,51666,38324,89990,50555,30996,81551,186191,22917,209108,202712,46251,248963,105688,5369,111057,21589,1256,22845
2021-05-09,700338,207364,907702,27635,19472,47107,54177,42544,96721,51666,38325,89991,50579,31006,81585,186292,22964,209256,202712,46286,248998,105688,5456,111144,21589,1311,22900
2021-05-10,702687,208356,911043,27703,19473,47176,54260,42545,96805,51733,38329,90062,50975,31009,81984,187987,23005,210992,202740,46918,249658,105697,5680,111377,21592,1397,22989
2021-05-11,709415,208843,918258,27752,19481,47233,54337,42558,96895,51806,38342,90148,52333,31023,83356,193023,23051,216074,202840,47134,249974,105721,5796,111517,21603,1458,23061
2021-05-12,716410,209824,926234,27797,19503,47300,54409,42594,97003,51874,38376,90250,53774,31058,84832,198220,23138,221358,202976,47542,250518,105750,6057,111807,21610,1556,23166
2021-05-13,719134,215363,934497,27840,19620,47460,54497,42832,97329,51937,38548,90485,54110,31212,85322,200173,23777,223950,203137,51386,254523,105809,6334,112143,21631,1654,23285
2021-05-14,721815,217065,938880,27973,19636,47609,54751,42859,97610,52091,38604,90695,54451,31275,85726,201672,24335,226007,203337,52126,255463,105889,6489,112378,21651,1741,23392
2021-05-15,733005,217460,950465,28025,19645,47670,54848,42867,97715,52157,38617,90774,56840,31288,88128,210042,24419,234461,203474,52259,255733,105954,6575,112529,21665,1790,23455
2021-05-16,735995,217648,953643,28267,19654,47921,55755,42869,98624,53112,38625,91737,57404,31301,88705,210306,24437,234743,203520,52280,255800,105964,6652,112616,21667,1830,23497
2021-05-17,743532,218708,962240,28352,19707,48059,56254,42960,99214,53388,38744,92132,58891,31431,90322,215193,24569,239762,203724,52685,256409,106040,6729,112769,21690,1883,23573
2021-05-18,751646,219056,970702,28425,19716,48141,56380,42972,99352,53512,38759,92271,60586,31444,92030,221033,24652,245685,203897,52806,256703,106101,6791,112892,21712,1916,23628
2021-05-19,757345,220131,977476,28434,19848,48282,56398,43278,99676,53529,38903,92432,61761,31537,93298,225161,24780,249941,204129,53020,257149,106186,6833,113019,21747,1932,23679
2021-05-20,779086,220914,1000000,28507,19990,48497,56525,43538,100063,53634,39065,92699,67903,31635,99538,238206,24830,263036,205697,53054,258751,106752,6852,113604,21862,1950,23812
2021-05-21,781393,225139,1006532,28585,20275,48860,56722,44075,100797,53706,39497,93203,68020,31962,99982,239212,25105,264317,206342,55320,261662,106899,6938,113837,21907,1967,23874
2021-05-22,784827,225355,1010182,28697,20290,48987,56802,44099,100901,53772,39517,93289,68468,31983,100451,241396,25122,266518,206767,55432,262199,106995,6943,113938,21930,1969,23899
2021-05-23,789558,225357,1014915,28767,20290,49057,56895,44099,100994,53837,39517,93354,70564,31983,102547,243463,25123,268586,207000,55432,262432,107079,6943,114022,21953,1970,23923
2021-05-24,791323,225850,1017173,28800,20376,49176,56937,44256,101193,53872,39620,93492,70967,32042,103009,244587,25147,269734,207102,55484,262586,107100,6952,114052,21958,1973,23931
2021-05-25,792900,237350,1030250,28823,20384,49207,56948,44267,101215,53883,39627,93510,71311,32048,103359,245602,25151,270753,207223,56677,263900,107141,15854,122995,21969,3342,25311
2021-05-26,795433,240481,1035914,28876,20414,49290,57017,44321,101338,53936,39680,93616,73285,32108,105393,245852,25434,271286,207277,57102,264379,107195,17727,124922,21995,3695,25690
2021-05-27,801134,259034,1060168,28991,20477,49468,57122,44475,101597,54038,39833,93871,78342,32182,110524,246072,25699,271771,207327,58922,266249,107225,31580,138805,22017,5866,27883
2021-05-28,814772,270723,1085495,29140,20591,49731,57305,44707,102012,54455,39978,94433,90836,32257,123093,246343,25895,272238,207391,60193,267584,107265,39884,147149,22037,7218,29255
2021-05-29,831094,271673,1102767,29147,20596,49743,57324,44710,102034,55552,39982,95534,105501,32262,137763,246757,25897,272654,207484,60303,267787,107284,40605,147889,22045,7318,29363
2021-05-30,846864,271758,1118622,29160,20597,49757,57335,44712,102047,58867,39982,98849,117712,32262,149974,246918,25898,272816,207525,60313,267838,107299,40663,147962,22048,7331,29379
2021-05-31,868294,277173,1145467,29261,20768,50029,57481,45011,102492,71029,40217,111246,126254,32633,158887,247229,27064,274293,207614,60773,268387,107349,42929,150278,22077,7778,29855
2021-06-01,888969,280182,1169151,29660,20815,50475,58409,45093,103502,85399,40279,125678,130910,32676,163586,247445,27136,274581,207674,61151,268825,107379,44924,152303,22093,8108,30201
2021-06-02,908823,282171,1190994,30911,20828,51739,62683,45120,107803,94671,40304,134975,135505,32701,168206,247751,27194,274945,207769,61391,269160,107417,46160,153577,22116,8473,30589
2021-06-03,939428,283658,1223086,38940,20850,59790,75844,45150,120994,102281,40353,142634,136891,32732,169623,248034,27259,275293,207851,61588,269439,107452,47029,154481,22135,8697,30832
2021-06-04,967549,285013,1252562,45440,20896,66336,85309,45195,130504,109367,40429,149796,139257,32773,172030,250060,27447,277507,208327,61944,270271,107608,47496,155104,22181,8833,31014
2021-06-05,987498,286133,1273631,50459,20912,71371,93985,45215,139200,112890,40454,153344,140578,32809,173387,251110,27763,278873,208549,62151,270700,107709,47862,155571,22218,8967,31185
2021-06-06,1005045,286777,1291822,57528,20913,78441,101874,45215,147089,114540,40456,154996,141370,32815,174185,251212,27817,279029,208580,62307,270887,107719,48126,155845,22222,9128,31350
2021-06-07,1031858,287716,1319574,63914,20962,84876,107801,45336,153137,120874,40547,161421,148527,32871,181398,251940,27864,279804,208764,62463,271227,107795,48394,156189,22243,9279,31522
2021-06-08,1059626,289592,1349218,66389,20973,87362,111180,45352,156532,124390,40558,164948,166521,32888,199409,252192,27955,280147,208867,62879,271746,107833,49396,157229,22254,9591,31845
2021-06-09,1084944,289972,1374916,67060,20974,88034,112494,45354,157848,125649,40561,166210,188302,32892,221194,252390,27980,280370,208925,62962,271887,107858,49547,157405,22266,9702,31968
2021-06-10,1113722,290381,1404103,68677,20977,89654,114752,45356,160108,129562,40565,170127,208473,32903,241376,252994,28035,281029,209075,63053,272128,107906,49700,157606,22283,9792,32075
2021-06-11,1119154,310373,1429527,69072,21015,90087,115455,45428,160883,130910,40619,171529,211274,32975,244249,253114,28289,281403,209110,65388,274498,107926,64767,172693,22293,11892,34185
2021-06-12,1130633,313054,1443687,70099,21019,91118,116855,45433,162288,133803,40630,174433,217344,33010,250354,253166,28366,281532,209133,65802,274935,107936,66505,174441,22297,12289,34586
2021-06-13,1139020,313171,1452191,70556,21019,91575,117463,45437,162900,135670,40633,176303,222703,33010,255713,253239,28370,281609,209149,65817,274966,107941,66583,174524,22299,12302,34601
2021-06-14,1150976,313955,1464931,72147,21029,93176,119544,45447,164991,138347,40647,178994,228165,33020,261185,253330,28390,281720,209180,65917,275097,107955,67100,175055,22308,12405,34713
2021-06-15,1177159,315356,1492515,72406,21068,93474,119967,45513,165480,139183,40693,179876,252248,33069,285317,253711,28446,282157,209289,66257,275546,108017,67778,175795,22338,12532,34870
2021-06-16,1185268,325069,1510337,73091,21432,94523,121268,46099,167367,141729,42045,183774,255594,34011,289605,253836,28695,282531,209344,70844,280188,108049,69043,177092,22357,12900,35257
2021-06-17,1201487,334653,1536140,73521,21481,95002,122053,46188,168241,147595,42385,189980,263932,34153,298085,254382,29359,283741,209501,77489,286990,108123,70312,178435,22380,13286,35666
2021-06-18,1228645,337091,1565736,74983,21504,96487,124186,46235,170421,163948,42465,206413,270359,34211,304570,254941,29740,284681,209634,78637,288271,108183,70845,179028,22411,13454,35865
2021-06-19,1249696,338197,1587893,75484,21514,96998,124561,46249,170810,180652,42486,223138,273229,34233,307462,255390,29823,285213,209737,78850,288587,108221,71339,179560,22422,13703,36125
2021-06-20,1249703,338198,1587901,75485,21514,96999,124563,46249,170812,180655,42486,223141,273229,34233,307462,255390,29824,285214,209738,78850,288588,108221,71339,179560,22422,13703,36125
2021-06-21,1261294,338737,1600031,75515,21529,97044,124624,46284,170908,190632,42569,233201,274401,34335,308736,255641,29916,285557,209814,78934,288748,108240,71429,179669,22427,13741,36168
2021-06-22,1270413,339897,1610310,75771,21682,97453,124872,46532,171404,195030,42735,237765,277411,34555,311966,256452,30033,286485,210069,79036,289105,108341,71525,179866,22467,13799,36266
2021-06-23,1288423,341088,1629511,76001,21831,97832,125194,46758,171952,210289,42915,253204,279205,34790,313995,256720,30129,286849,210153,79137,289290,108376,71674,180050,22485,13854,36339
2021-06-24,1322047,342330,1664377,76465,21980,98445,129769,46999,176768,236251,43058,279309,281279,34978,316257,257119,30276,287395,210263,79369,289632,108410,71778,180188,22491,13892,36383
2021-06-25,1339509,356492,1696001,78022,22010,100032,133495,47029,180524,245939,43135,289074,282972,35361,318333,257703,40454,298157,210421,82019,292440,108456,72427,180883,22501,14057,36558
2021-06-26,1342421,374844,1717265,78054,22058,100112,133522,47091,180613,247548,43204,290752,283887,35707,319594,257937,55757,313694,210493,83939,294432,108473,72908,181381,22507,14180,36687
2021-06-27,1353920,380469,1734389,78067,22217,100284,133552,47278,180830,254350,43511,297861,288184,37001,325185,258196,57770,315966,210564,85241,295805,108497,73210,181707,22510,14241,36751
2021-06-28,1388172,383202,1771374,80285,22366,102651,136310,47541,183851,280883,43700,324583,290448,37270,327718,258543,59132,317675,210648,85557,296205,108538,73318,181856,22517,14318,36835
2021-06-29,1421678,386594,1808272,80675,22529,103204,137343,47784,185127,311352,43897,355249,291617,37643,329260,258860,60571,319431,210747,86123,296870,108559,73640,182199,22525,14407,36932
2021-06-30,1457709,389366,1847075,81008,22549,103557,147360,47812,195172,335231,43918,379149,292907,37675,330582,259200,62916,322116,210849,86316,297165,108603,73725,182328,22551,14455,37006
2021-07-01,1480184,392973,1873157,81298,22583,103881,156873,47852,204725,345917,43990,389907,294296,38296,332592,259585,64432,324017,210970,87121,298091,108667,74125,182792,22578,14574,37152
2021-07-02,1491842,409350,1901192,82955,22701,105656,162783,48055,210838,348994,44172,393166,294929,38528,333457,259811,66406,326217,211059,88869,299928,108718,83988,192706,22593,16631,39224
2021-07-03,1509668,414713,1924381,82984,22727,105711,174079,48122,222201,354208,44234,398442,295873,38658,334531,260058,67102,327160,211130,89759,300889,108738,86858,195596,22598,17253,39851
2021-07-04,1529927,415210,1945137,84343,22727,107070,191713,48129,239842,355080,44236,399316,296116,38670,334786,260160,67216,327376,211162,89863,301025,108753,87025,195778,22600,17344,39944
2021-07-05,1537776,417898,1955674,84976,22763,107739,198194,48180,246374,355539,44309,399848,296288,38765,335053,260211,67946,328157,211192,90474,301666,108767,87892,196659,22609,17569,40178
2021-07-06,1561187,419619,1980806,86029,22797,108826,219573,48244,267817,356036,44409,400445,296585,38897,335482,260327,68219,328546,211243,90743,301986,108778,88555,197333,22616,17755,40371
2021-07-07,1571133,421499,1992632,86293,22833,109126,227008,48305,275313,357518,44487,402005,297125,38996,336121,260471,68426,328897,211293,91150,302443,108801,89356,198157,22624,17946,40570
2021-07-08,1605515,422223,2027738,87167,22857,110024,254296,48360,302656,361795,44562,406357,298447,39118,337565,260887,68651,329538,211424,91215,302639,108852,89483,198335,22647,17977,40624
2021-07-09,1630263,423336,2053599,88552,22874,111426,271186,48387,319573,366165,44600,410765,300046,39193,339239,261231,68988,330219,211542,91755,303297,108888,89544,198432,22653,17995,40648
2021-07-10,1650227,425597,2075824,91721,22923,114644,286866,48485,335351,366877,44695,411572,300298,39348,339646,261335,69894,331229,211571,92403,303974,108904,89796,198700,22655,18053,40708
2021-07-11,1652453,429139,2081592,92086,23175,115261,288630,49073,337703,366930,45178,412108,300324,39592,339916,261344,69947,331291,211575,92709,304284,108908,91147,200055,22656,18318,40974
2021-07-12,1685740,429776,2115516,98060,23189,121249,314319,49097,363416,367863,45214,413077,300796,39622,340418,261490,70077,331567,211620,92850,304470,108927,91354,200281,22665,18373,41038
2021-07-13,1704594,429980,2134574,101462,23203,124665,327634,49115,376749,369207,45241,414448,301317,39644,340961,261673,70090,331763,211684,92890,304574,108945,91395,200340,22672,18402,41074
2021-07-14,1711112,430220,2141332,102779,23237,126016,331758,49163,380921,369845,45273,415118,301607,39678,341285,261775,70103,331878,211711,92924,304635,108960,91421,200381,22677,18421,41098
2021-07-15,1714348,460471,2174819,103475,23658,127133,333504,51043,384547,370295,58717,429012,301833,42999,344832,261851,71873,333724,211744,99207,310951,108967,93978,202945,22679,18996,41675
2021-07-16,1717047,491181,2208228,104102,23786,127888,334983,53539,388522,370621,73677,444298,302007,43994,346001,261905,72163,334068,211767,109255,321022,108980,95424,204404,22682,19343,42025
2021-07-17,1732877,500895,2233772,107142,23878,131020,344586,54428,399014,372607,80402,453009,302856,44767,347623,262164,72408,334572,211824,109989,321813,109010,95627,204637,22688,19396,42084
2021-07-18,1747079,509785,2256864,113892,23902,137794,349929,54588,404517,373975,86246,460221,303363,47141,350504,262331,72641,334972,211869,110146,322015,109029,95704,204733,22691,19417,42108
2021-07-19,1754525,536797,2291322,118402,25361,143763,351740,56776,408516,374600,106431,481031,303687,49002,352689,262442,72953,335395,211904,110452,322356,109053,96248,205301,22697,19574,42271
2021-07-20,1776797,552495,2329292,133896,25736,159632,356330,57568,413898,375882,119183,495065,304275,49888,354163,262665,73148,335813,211968,110832,322800,109078,96495,205573,22703,19645,42348
2021-07-21,1813431,553253,2366684,161833,25786,187619,362877,57632,420509,377082,119385,496467,304877,49929,354806,262905,73206,336111,212058,111089,323147,109093,96553,205646,22706,19673,42379
2021-07-22,1849551,553539,2403090,186440,25793,212233,370524,57651,428175,379373,119415,498788,305961,49946,355907,263243,73259,336502,212164,111145,323309,109132,96620,205752,22714,19710,42424
2021-07-23,1868791,567313,2436104,199217,26093,225310,374360,59494,433854,380787,129670,510457,306765,50870,357635,263530,73468,336998,212246,111273,323519,109166,96702,205868,22720,19743,42463
2021-07-24,1870093,594846,2464939,200345,26674,227019,374439,60352,434791,380814,140762,521576,306796,64837,371633,263547,74021,337568,212253,111478,323731,109173,96929,206102,22726,19793,42519
2021-07-25,1895409,594966,2490375,216344,26675,243019,380123,60360,440483,382733,140775,523508,308022,64849,372871,263937,74029,337966,212313,111509,323822,109200,96957,206157,22737,19812,42549
2021-07-26,1904291,625424,2529715,223700,31849,255549,380862,69731,450593,383131,150340,533471,308286,69729,378015,264028,74809,338837,212333,111941,324274,109211,97155,206366,22740,19870,42610
2021-07-27,1918381,645212,2563593,235425,35437,270862,382111,75258,457369,383744,156099,539843,308595,72121,380716,264155,76366,340521,212383,112516,324899,109225,97463,206688,22743,19952,42695
2021-07-28,1955975,645784,2601759,267793,35477,303270,384757,75357,460114,385215,156364,541579,309333,72155,381488,264406,76413,340819,212459,112557,325016,109256,97494,206750,22756,19967,42723
2021-07-29,1991732,647191,2638923,297071,35605,332676,388332,75653,463985,386859,157011,543870,310171,72322,382493,264668,76491,341159,212548,112608,325156,109295,97522,206817,22788,19979,42767
2021-07-30,2005961,665872,2671833,306827,36960,343787,390751,85171,475922,388060,162622,550682,310736,73962,384698,264844,76824,341668,212605,112751,325356,109334,97574,206908,22804,20008,42812
2021-07-31,2006457,691043,2697500,307145,39979,347124,390834,99385,490219,388102,168869,556971,310757,75059,385816,264862,77188,342050,212614,112869,325483,109338,97651,206989,22805,20043,42848
2021-08-01,2006492,705086,2711578,307154,43277,350431,390838,105686,496524,388105,171664,559769,310761,76074,386835,264864,77601,342465,212619,113006,325625,109343,97711,207054,22808,20067,42875
2021-08-02,2010565,737661,2748226,309372,47348,356720,391690,125823,517513,388661,178386,567047,311045,77221,388266,264961,77906,342867,212663,113123,325786,109360,97766,207126,22813,20088,42901
2021-08-03,2022077,757848,2779925,319569,52483,372052,392234,130919,523153,389061,182746,571807,311234,82200,393434,265054,78368,343422,212704,113224,325928,109391,97806,207197,22830,20102,42932
2021-08-04,2025115,782939,2808054,321025,55542,376567,392958,135781,528739,389505,185909,575414,311465,95721,407186,265148,78693,343841,212762,113328,326090,109412,97852,207264,22840,20113,42953
2021-08-05,2033727,792407,2826134,326952,56793,383745,394278,141450,535728,390241,187721,577962,311867,96236,408103,265290,78829,344119,212819,113382,326201,109431,97873,207304,22849,20123,42972
2021-08-06,2035717,800195,2835912,328066,57124,385190,394641,142728,537369,390520,188157,578677,312009,96542,408551,265342,81355,346697,212855,116193,329048,109435,97953,207388,22849,20143,42992
2021-08-07,2037945,822550,2860495,330033,57145,387178,394734,142756,537490,390599,188183,578782,312043,96622,408665,265357,84509,349866,212873,134935,347808,109447,98206,207653,22859,20194,43053
2021-08-08,2037975,844462,2882437,330039,57158,387197,394734,142783,537517,390601,188204,578805,312045,96707,408752,265368,96989,362357,212879,143851,356730,109448,98523,207971,22861,20247,43108
2021-08-09,2038335,877973,2916308,330169,57322,387491,394817,143125,537942,390654,188556,579210,312075,99248,411323,265395,122115,387510,212897,148490,361387,109459,98822,208281,22869,20295,43164
2021-08-10,2038742,910846,2949588,330359,57900,388259,394888,144069,538957,390718,190501,581219,312113,102355,414468,265415,139157,404572,212909,157324,370233,109469,99174,208643,22871,20366,43237
2021-08-11,2041166,939990,2981156,332595,58096,390691,394953,144738,539691,390758,191189,581947,312140,107359,419499,265446,157024,422470,212925,161626,374551,109478,99522,209000,22871,20436,43307
2021-08-12,2041638,962031,3003669,332766,58733,391499,395057,145175,540232,390843,191604,582447,312193,111376,423569,265471,165020,430491,212941,169681,382622,109487,99923,209410,22880,20519,43399
2021-08-13,2041815,992943,3034758,332830,58912,391742,395103,145496,540599,390872,191913,582785,312208,112183,424391,265477,177518,442995,212946,185246,398192,109497,100929,210426,22882,20746,43628
2021-08-14,2041841,1013939,3055780,332833,59126,391959,395103,145860,540963,390874,192379,583253,312210,115943,428153,265485,191160,456645,212950,187402,400352,109501,101249,210750,22885,20820,43705
2021-08-15,2041863,1038100,3079963,332838,60141,392979,395106,147611,542717,390878,195200,586078,312215,129675,441890,265488,194470,459958,212951,188580,401531,109502,101517,211019,22885,20906,43791
2021-08-16,2055358,1045695,3101053,335593,60363,395956,397187,147903,545090,394997,196481,591478,315119,130986,446105,266534,195898,462432,213321,191268,404589,109682,101809,211491,22925,20987,43912
2021-08-17,2084414,1046739,3131153,349739,60390,410129,408800,147966,556766,397373,196681,594054,315617,131685,447302,266813,195936,462749,213406,191279,404685,109730,101815,211545,22936,20987,43923
2021-08-18,2097967,1056926,3154893,358615,60954,419569,410880,149043,559923,398694,197924,596618,316383,134537,450920,267132,199014,466146,213530,192442,405972,109788,101982,211770,22945,21030,43975
2021-08-19,2103033,1064045,3167078,362595,61677,424272,411342,150182,561524,399036,198635,597671,316591,137166,453757,267182,200193,467375,213546,193053,406599,109795,102084,211879,22946,21055,44001
2021-08-20,2109158,1083443,3192601,367204,62120,429324,412015,152163,564178,399469,200399,599868,316865,151769,468634,267268,200548,467816,213575,193241,406816,109813,102136,211949,22949,21067,44016
2021-08-21,2109710,1104381,3214091,367478,65546,433024,412124,157655,569779,399546,205447,604993,316909,157652,474561,267295,201310,468605,213588,193462,407050,109818,102218,212036,22952,21091,44043
2021-08-22,2109768,1125389,3235157,367499,68995,436494,412131,168363,580494,399554,209269,608823,316916,159712,476628,267305,202062,469367,213593,193632,407225,109818,102261,212079,22952,21095,44047
2021-08-23,2123236,1144887,3268123,378879,71884,450763,413073,181414,594487,400171,211304,611475,317257,160758,478015,267431,202388,469819,213635,193733,407368,109832,102298,212130,22958,21108,44066
2021-08-24,2124964,1168794,3293758,379705,89273,468978,413490,184710,598200,400452,212771,613223,317387,161929,479316,267485,202773,470258,213645,193867,407512,109839,102344,212183,22961,21127,44088
2021-08-25,2126964,1198278,3325242,380859,92868,473727,413858,187044,600902,400719,225662,626381,317520,171409,488929,267530,203594,471124,213664,194101,407765,109849,102443,212292,22965,21157,44122
2021-08-26,2128234,1229661,3357895,381408,96700,478108,414157,188964,603121,400930,226856,627786,317640,178682,496322,267563,217079,484642,213693,197108,410801,109870,102982,212852,22973,21290,44263
2021-08-27,2129156,1265166,3394322,381828,118012,499840,414357,194894,609251,401061,228754,629815,317721,183520,501241,267598,218232,485830,213722,197381,411103,109884,103064,212948,22985,21309,44294
2021-08-28,2129204,1289467,3418671,381840,136638,518478,414367,197967,612334,401066,230241,631307,317732,184281,502013,267600,218426,486026,213725,197502,411227,109887,103097,212984,22987,21315,44302
2021-08-29,2129267,1313649,3442916,381867,138848,520715,414379,199208,613587,401083,234348,635431,317736,199710,517446,267603,219151,486754,213725,197849,411574,109887,103202,213089,22987,21333,44320
2021-08-30,2147027,1328612,3475639,389256,139165,528421,418383,199867,618250,404545,237033,641578,319676,205620,525296,268196,222311,490507,213977,199637,413614,109986,103564,213550,23008,21415,44423
2021-08-31,2158331,1350177,3508508,394649,157598,552247,420944,201113,622057,406642,238135,644777,320476,206155,526631,268483,222451,490934,214089,199704,413793,110026,103596,213622,23022,21425,44447
2021-09-01,2160191,1381427,3541618,395336,185710,581046,421281,202023,623304,407039,238626,645665,320721,206649,527370,268583,223317,491900,214147,200021,414168,110057,103649,213706,23027,21432,44459
2021-09-02,2162077,1414518,3576595,396957,203521,600478,421409,205796,627205,407109,245052,652161,320755,210445,531200,268602,224152,492754,214156,200375,414531,110062,103733,213795,23027,21444,44471
2021-09-03,2163267,1445142,3608409,397558,215122,612680,421671,208902,630573,407270,254943,662213,320860,214093,534953,268638,225985,494623,214171,200802,414973,110069,103827,213896,23030,21468,44498
2021-09-04,2164158,1468440,3632598,397920,221361,619281,421888,215295,637183,407428,264276,671704,320938,215073,536011,268686,226215,494901,214192,200889,415081,110074,103860,213934,23032,21471,44503
2021-09-05,2165053,1491912,3656965,398296,223583,621879,422122,219782,641904,407590,279271,686861,321010,216491,537501,268723,226474,495197,214199,200958,415157,110080,103876,213956,23033,21477,44510
2021-09-06,2166264,1522946,3689210,398863,226088,624951,422440,220876,643316,407768,300728,708496,321102,221267,542369,268764,227352,496116,214211,201182,415393,110081,103957,214038,23035,21496,44531
2021-09-07,2167335,1560139,3727474,399353,227922,627275,422751,224750,647501,407933,316300,724233,321173,228665,549838,268780,233712,502492,214220,202857,417077,110088,104347,214435,23037,21586,44623
2021-09-08,2174157,1574226,3748383,403209,228727,631936,424254,228401,652655,408740,321621,730361,321569,231309,552878,268927,234847,503774,214285,203235,417520,110129,104464,214593,23044,21622,44666
2021-09-09,2176910,1601585,3778495,404584,232401,636985,424975,245282,670257,409108,325789,734897,321746,233347,555093,268996,235254,504250,214310,203349,417659,110144,104529,214673,23047,21634,44681
2021-09-10,2178997,1609901,3788898,405654,235754,641408,425513,246471,671984,409381,326313,735694,321887,235698,557585,269042,235937,504979,214327,203510,417837,110146,104578,214724,23047,21640,44687
2021-09-11,2179808,1615728,3795536,406456,236317,642773,425519,249517,675036,409382,326865,736247,321887,237135,559022,269044,236087,505131,214327,203569,417896,110146,104595,214741,23047,21643,44690
2021-09-12,2179840,1617530,3797370,406475,236795,643270,425523,250189,675712,409385,327263,736648,321890,237334,559224,269045,236124,505169,214329,203584,417913,110146,104597,214743,23047,21644,44691
2021-09-13,2193585,1618440,3812025,415231,236918,652149,430075,250582,680657,409628,327448,737076,321993,237467,559460,269090,236155,505245,214344,203610,417954,110168,104608,214776,23056,21652,44708
2021-09-14,2195396,1630627,3826023,416013,237216,653229,430461,251073,681534,409906,328007,737913,322179,246012,568191,269171,238065,507236,214403,203922,418325,110196,104666,214862,23067,21666,44733
2021-09-15,2196157,1667241,3863398,416359,239580,655939,430667,254799,685466,410023,335114,745137,322228,263462,585690,269186,243159,512345,214417,204546,418963,110205,104863,215068,23072,21718,44790
2021-09-16,2196937,1702008,3898945,416737,244981,661718,430872,274280,705152,410137,339976,750113,322274,266435,588709,269202,244694,513896,214427,204912,419339,110211,104987,215198,23077,21743,44820
2021-09-17,2204300,1722818,3927118,421262,257443,678705,432275,278925,711200,410913,341834,752747,322661,267708,590369,269373,245053,514426,214488,205055,419543,110243,105042,215285,23085,21758,44843
2021-09-18,2204692,1747798,3952490,421602,274672,696274,432290,283232,715522,410929,343865,754794,322672,268745,591417,269379,245314,514693,214490,205130,419620,110245,105075,215320,23085,21765,44850
2021-09-19,2212713,1758234,3970947,424555,282083,706638,434782,285000,719782,412334,344632,756966,323400,269083,592483,269611,245397,515008,214624,205182,419806,110311,105087,215398,23096,21770,44866
2021-09-20,2220287,1764729,3985016,429954,283429,713383,436069,287771,723840,412874,345850,758724,323600,269760,593360,269683,245697,515380,214687,205319,420006,110321,105125,215446,23099,21778,44877
2021-09-21,2237442,1771418,4008860,445248,287412,732660,436996,289271,726267,413403,346412,759815,323860,270135,593995,269778,245877,515655,214719,205378,420097,110335,105145,215480,23103,21788,44891
2021-09-22,2243767,1781461,4025228,449788,293243,743031,437928,291958,729886,413877,347100,760977,324083,270563,594646,269861,246088,515949,214766,205517,420283,110353,105186,215539,23111,21806,44917
2021-09-23,2246217,1790717,4036934,451193,299823,751016,438574,293334,731908,414118,347765,761883,324176,270968,595144,269894,246207,516101,214789,205589,420378,110359,105220,215579,23114,21811,44925
2021-09-24,2252243,1796307,4048550,453760,303251,757011,440245,294099,734344,415466,348326,763792,324429,271573,596002,269990,246356,516346,214844,205642,420486,110384,105242,215626,23125,21818,44943
2021-09-25,2254322,1800966,4055288,454443,304629,759072,441180,295327,736507,415745,349228,764973,324550,272488,597038,270039,246537,516576,214850,205680,420530,110388,105257,215645,23127,21820,44947
2021-09-26,2255513,1823197,4078710,454638,305867,760505,441337,298438,739775,416031,358435,774466,324904,280469,605373,270210,247045,517255,214864,205799,420663,110402,105312,215714,23127,21832,44959
2021-09-27,2257592,1843907,4101499,455710,308857,764567,441764,308146,749910,416288,363976,780264,325050,282456,607506,270315,247372,517687,214905,205890,420795,110426,105364,215790,23134,21846,44980
2021-09-28,2261448,1867865,4129313,456784,309677,766461,442596,325194,767790,417296,365606,782902,325635,283601,609236,270566,248427,518993,214978,207524,422502,110453,105883,216336,23140,21953,45093
2021-09-29,2265768,1880814,4146582,460061,311695,771756,443107,332874,775981,417634,367010,784644,325755,284579,610334,270601,248833,519434,214993,207844,422837,110470,106005,216475,23147,21974,45121
2021-09-30,2276295,1888639,4164934,468781,314025,782806,444079,334386,778465,418209,368453,786662,325926,286208,612134,270646,249486,520132,215021,208031,423052,110485,106066,216551,23148,21984,45132
2021-10-01,2278837,1897310,4176147,470981,317749,788730,444249,336696,780945,418321,369889,788210,325969,287063,613032,270658,249716,520374,215023,208110,423133,110488,106097,216585,23148,21990,45138
2021-10-02,2281508,1900243,4181751,472604,318506,791110,444844,337652,782496,418575,370587,789162,326087,287394,613481,270712,249824,520536,215039,208162,423201,110495,106124,216619,23152,21994,45146
2021-10-03,2287395,1900248,4187643,475392,318508,793900,446579,337654,784233,419333,370587,789920,326416,287395,613811,270895,249824,520719,215102,208162,423264,110522,106124,216646,23156,21994,45150
2021-10-04,2294202,1904459,4198661,478345,320318,798663,448783,338806,787589,420299,371039,791338,326807,287857,614664,271071,250059,521130,215173,208236,423409,110553,106147,216700,23171,21997,45168
2021-10-05,2297108,1908266,4205374,480118,321322,801440,449425,339918,789343,420587,371898,792485,326942,288446,615388,271118,250224,521342,215183,208282,423465,110562,106170,216732,23173,22006,45179
2021-10-06,2309908,1909707,4219615,491051,321617,812668,450380,340279,790659,421124,372236,793360,327177,288720,615897,271209,250326,521535,215212,208319,423531,110572,106198,216770,23183,22012,45195
2021-10-07,2313077,1912548,4225625,492738,322374,815112,451084,341198,792282,421544,372657,794201,327388,289210,616598,271300,250517,521817,215246,208365,423611,110586,106212,216798,23191,22015,45206
2021-10-08,2313945,1932646,4246591,493150,323505,816655,451263,352598,803861,421659,375036,796695,327474,291962,619436,271343,252786,524129,215267,208480,423747,110595,106260,216855,23194,22019,45213
2021-10-09,2313951,1951899,4265850,493151,324805,817956,451266,360968,812234,421660,377478,799138,327475,296554,624029,271343,255149,526492,215267,208614,423881,110595,106305,216900,23194,22026,45220
2021-10-10,2313951,1965972,4279923,493151,325846,818997,451266,367831,819097,421660,379141,800801,327475,299231,626706,271343,256855,528198,215267,208697,423964,110595,106338,216933,23194,22033,45227
2021-10-11,2315416,1973442,4288858,494319,329530,823849,451416,369765,821181,421733,380139,801872,327516,299758,627274,271365,257038,528403,215272,208793,424065,110600,106383,216983,23195,22036,45231
2021-10-12,2319626,1990125,4309751,497320,339222,836542,451923,371933,823856,422123,382350,804473,327710,301442,629152,271439,257809,529248,215304,208913,424217,110611,106413,217024,23196,22043,45239
2021-10-13,2349071,1994346,4343417,526355,340863,867218,452093,372652,824745,422253,383111,805364,327768,302167,629935,271460,258104,529564,215314,208957,424271,110618,106442,217060,23210,22050,45260
2021-10-14,2363190,2005821,4369011,539575,346533,886108,452468,375553,828021,422521,384557,807078,327911,303120,631031,271520,258454,529974,215348,209056,424404,110633,106487,217120,23214,22061,45275
2021-10-15,2366209,2028103,4394312,541924,358323,900247,452787,381425,834212,422690,387067,809757,328028,304446,632474,271560,259005,530565,215366,209219,424585,110637,106543,217180,23217,22075,45292
2021-10-16,2372817,2039083,4411900,547716,365118,912834,453185,383638,836823,422897,388213,811110,328148,304974,633122,271618,259206,530824,215382,209294,424676,110650,106560,217210,23221,22080,45301
2021-10-17,2375823,2042580,4418403,550373,366732,917105,453376,384383,837759,422974,388727,811701,328193,305356,633549,271640,259370,531010,215392,209348,424740,110654,106579,217233,23221,22085,45306
2021-10-18,2392354,2049875,4442229,566495,369705,936200,453580,386018,839598,423073,390156,813229,328247,306242,634489,271660,259672,531332,215401,209400,424801,110668,106593,217261,23230,22089,45319
2021-10-19,2398546,2061667,4460213,572050,375439,947489,453920,388559,842479,423221,392009,815230,328331,307235,635566,271696,260244,531940,215418,209472,424890,110675,106615,217290,23235,22094,45329
2021-10-20,2408831,2068565,4477396,581927,379202,961129,454127,389900,844027,423328,393014,816342,328388,307737,636125,271717,260444,532161,215426,209530,424956,110682,106636,217318,23236,22102,45338
2021-10-21,2422183,2076925,4499108,594724,383727,978451,454390,391575,845965,423465,393989,817454,328454,308394,636848,271767,260811,532578,215444,209611,425055,110697,106696,217393,23242,22122,45364
2021-10-22,2438457,2088669,4527126,610069,390309,1000378,454783,393913,848696,423728,395201,818929,328599,309473,638072,271841,261186,533027,215475,209717,425192,110718,106741,217459,23244,22129,45373
2021-10-23,2451388,2092840,4544228,622560,392448,1015008,454988,395044,850032,423854,395613,819467,328662,309745,638407,271863,261335,533198,215489,209760,425249,110724,106762,217486,23248,22133,45381
2021-10-24,2467179,2094826,4562005,638127,393698,1031825,455079,395339,850418,423932,395798,819730,328699,309865,638564,271870,261431,533301,215495,209789,425284,110726,106771,217497,23251,22135,45386
2021-10-25,2481261,2100596,4581857,651347,396052,1047399,455371,396758,852129,424283,396720,821003,328824,310447,639271,271927,261714,533641,215520,209927,425447,110735,106831,217566,23254,22147,45401
