FECHA,TotalA,TotalB,Total,<=30A,<=30B,<=30,31-40A,31-40B,31-40,41-50A,41-50B,41-50,51-60A,51-60B,51-60,61-70A,61-70B,61-70,71-80A,71-80B,71-80,81-90A,81-90B,81-90,>=91A,>=91B,>=91
2020-12-29,775,0,775,120,0,120,248,0,248,247,0,247,157,0,157,3,0,3,0,0,0,0,0,0,0,0,0
2020-12-30,1678,0,1678,284,0,284,543,0,543,518,0,518,327,0,327,6,0,6,0,0,0,0,0,0,0,0,0
2020-12-31,1775,0,1775,294,0,294,574,0,574,555,0,555,345,0,345,7,0,7,0,0,0,0,0,0,0,0,0
2021-01-01,1775,0,1775,294,0,294,574,0,574,555,0,555,345,0,345,7,0,7,0,0,0,0,0,0,0,0,0
2021-01-02,2205,0,2205,341,0,341,741,0,741,684,0,684,430,0,430,9,0,9,0,0,0,0,0,0,0,0,0
2021-01-03,2374,0,2374,367,0,367,814,0,814,726,0,726,458,0,458,9,0,9,0,0,0,0,0,0,0,0,0
2021-01-04,3314,0,3314,529,0,529,1133,0,1133,1004,0,1004,638,0,638,10,0,10,0,0,0,0,0,0,0,0,0
2021-01-05,4641,0,4641,739,0,739,1620,0,1620,1377,0,1377,890,0,890,14,0,14,1,0,1,0,0,0,0,0,0
2021-01-06,6078,0,6078,1001,0,1001,2091,0,2091,1790,0,1790,1178,0,1178,17,0,17,1,0,1,0,0,0,0,0,0
2021-01-07,7666,0,7666,1260,0,1260,2640,0,2640,2253,0,2253,1495,0,1495,17,0,17,1,0,1,0,0,0,0,0,0
2021-01-08,9523,0,9523,1611,0,1611,3272,0,3272,2787,0,2787,1827,0,1827,25,0,25,1,0,1,0,0,0,0,0,0
2021-01-09,9967,0,9967,1665,0,1665,3446,0,3446,2928,0,2928,1902,0,1902,25,0,25,1,0,1,0,0,0,0,0,0
2021-01-10,10538,0,10538,1746,0,1746,3687,0,3687,3084,0,3084,1993,0,1993,27,0,27,1,0,1,0,0,0,0,0,0
2021-01-11,12401,0,12401,2115,0,2115,4358,0,4358,3588,0,3588,2307,0,2307,32,0,32,1,0,1,0,0,0,0,0,0
2021-01-12,14093,0,14093,2403,0,2403,4982,0,4982,4033,0,4033,2640,0,2640,34,0,34,1,0,1,0,0,0,0,0,0
2021-01-13,15451,0,15451,2661,0,2661,5471,0,5471,4396,0,4396,2887,0,2887,35,0,35,1,0,1,0,0,0,0,0,0
2021-01-14,17679,0,17679,3113,0,3113,6251,0,6251,5012,0,5012,3266,0,3266,36,0,36,1,0,1,0,0,0,0,0,0
2021-01-15,21103,0,21103,3781,0,3781,7490,0,7490,5934,0,5934,3858,0,3858,39,0,39,1,0,1,0,0,0,0,0,0
2021-01-16,22441,0,22441,4031,0,4031,7997,0,7997,6300,0,6300,4073,0,4073,39,0,39,1,0,1,0,0,0,0,0,0
2021-01-17,23273,0,23273,4190,0,4190,8325,0,8325,6527,0,6527,4191,0,4191,39,0,39,1,0,1,0,0,0,0,0,0
2021-01-18,23780,0,23780,4272,0,4272,8489,0,8489,6690,0,6690,4289,0,4289,39,0,39,1,0,1,0,0,0,0,0,0
2021-01-19,24112,426,24538,4329,46,4375,8608,134,8742,6781,150,6931,4354,93,4447,39,3,42,1,0,1,0,0,0,0,0,0
2021-01-20,24264,1072,25336,4359,143,4502,8648,353,9001,6829,349,7178,4387,223,4610,40,4,44,1,0,1,0,0,0,0,0,0
2021-01-21,24350,1301,25651,4372,182,4554,8670,427,9097,6854,421,7275,4408,266,4674,45,5,50,1,0,1,0,0,0,0,0,0
2021-01-22,24356,1378,25734,4374,196,4570,8670,454,9124,6857,447,7304,4408,275,4683,46,6,52,1,0,1,0,0,0,0,0,0
2021-01-23,24361,1695,26056,4375,227,4602,8673,577,9250,6858,545,7403,4408,339,4747,46,7,53,1,0,1,0,0,0,0,0,0
2021-01-24,24364,1825,26189,4375,242,4617,8673,634,9307,6860,580,7440,4409,362,4771,46,7,53,1,0,1,0,0,0,0,0,0
2021-01-25,24372,2558,26930,4377,362,4739,8674,865,9539,6861,803,7664,4413,518,4931,46,10,56,1,0,1,0,0,0,0,0,0
2021-01-26,24387,3556,27943,4379,505,4884,8677,1192,9869,6868,1116,7984,4415,727,5142,47,16,63,1,0,1,0,0,0,0,0,0
2021-01-27,24394,4658,29052,4380,694,5074,8679,1557,10236,6870,1425,8295,4416,963,5379,48,19,67,1,0,1,0,0,0,0,0,0
2021-01-28,24395,5924,30319,4380,914,5294,8679,1982,10661,6870,1779,8649,4416,1230,5646,49,19,68,1,0,1,0,0,0,0,0,0
2021-01-29,24399,7621,32020,4380,1204,5584,8682,2598,11280,6871,2267,9138,4416,1525,5941,49,27,76,1,0,1,0,0,0,0,0,0
2021-01-30,24399,8036,32435,4380,1262,5642,8682,2762,11444,6871,2391,9262,4416,1594,6010,49,27,76,1,0,1,0,0,0,0,0,0
2021-01-31,24400,8378,32778,4380,1318,5698,8682,2897,11579,6871,2483,9354,4417,1652,6069,49,28,77,1,0,1,0,0,0,0,0,0
2021-02-01,24400,9867,34267,4380,1584,5964,8682,3453,12135,6871,2888,9759,4417,1909,6326,49,33,82,1,0,1,0,0,0,0,0,0
2021-02-02,26129,11327,37456,4477,1844,6321,8935,3954,12889,7131,3272,10403,4792,2223,7015,718,34,752,68,0,68,7,0,7,1,0,1
2021-02-03,28482,12550,41032,4707,2078,6785,9456,4374,13830,7614,3588,11202,5261,2474,7735,1300,36,1336,131,0,131,12,0,12,1,0,1
2021-02-04,30248,14350,44598,4852,2417,7269,9833,5020,14853,7968,4091,12059,5653,2786,8439,1717,36,1753,204,0,204,19,0,19,2,0,2
2021-02-05,33060,17158,50218,5174,2953,8127,10579,6064,16643,8554,4820,13374,6249,3281,9530,2179,40,2219,297,0,297,26,0,26,2,0,2
2021-02-06,33360,18106,51466,5199,3127,8326,10658,6396,17054,8629,5092,13721,6320,3451,9771,2227,40,2267,299,0,299,26,0,26,2,0,2
2021-02-07,33734,18737,52471,5247,3223,8470,10782,6622,17404,8731,5292,14023,6380,3560,9940,2264,40,2304,302,0,302,26,0,26,2,0,2
2021-02-08,34909,20022,54931,5387,3490,8877,11101,7083,18184,9013,5647,14660,6600,3762,10362,2456,40,2496,323,0,323,27,0,27,2,0,2
2021-02-09,36887,20961,57848,5699,3661,9360,11652,7403,19055,9431,5917,15348,7007,3940,10947,2721,40,2761,343,0,343,32,0,32,2,0,2
2021-02-10,37899,21509,59408,5845,3760,9605,11913,7596,19509,9684,6072,15756,7219,4041,11260,2842,40,2882,359,0,359,35,0,35,2,0,2
2021-02-11,39011,21912,60923,6016,3840,9856,12250,7749,19999,9941,6179,16120,7432,4099,11531,2955,45,3000,379,0,379,36,0,36,2,0,2
2021-02-12,39902,22467,62369,6141,3940,10081,12548,7948,20496,10159,6349,16508,7573,4184,11757,3041,46,3087,399,0,399,39,0,39,2,0,2
2021-02-13,39933,22508,62441,6145,3946,10091,12557,7967,20524,10167,6356,16523,7581,4193,11774,3042,46,3088,400,0,400,39,0,39,2,0,2
2021-02-14,39934,22537,62471,6145,3955,10100,12557,7976,20533,10168,6365,16533,7581,4195,11776,3042,46,3088,400,0,400,39,0,39,2,0,2
2021-02-15,39934,22537,62471,6145,3955,10100,12557,7976,20533,10168,6365,16533,7581,4195,11776,3042,46,3088,400,0,400,39,0,39,2,0,2
2021-02-16,39940,22577,62517,6145,3957,10102,12562,7997,20559,10169,6379,16548,7581,4198,11779,3042,46,3088,400,0,400,39,0,39,2,0,2
2021-02-17,41936,22883,64819,6446,4011,10457,13141,8114,21255,10678,6473,17151,7972,4239,12211,3242,46,3288,416,0,416,39,0,39,2,0,2
2021-02-18,47372,23171,70543,7152,4063,11215,14605,8220,22825,11986,6567,18553,9079,4275,13354,3895,46,3941,589,0,589,64,0,64,2,0,2
2021-02-19,52650,23371,76021,7843,4102,11945,16094,8291,24385,13340,6620,19960,10089,4311,14400,4435,47,4482,758,0,758,86,0,86,5,0,5
2021-02-20,53872,23386,77258,7967,4106,12073,16494,8299,24793,13642,6623,20265,10327,4311,14638,4570,47,4617,780,0,780,87,0,87,5,0,5
2021-02-21,54705,23387,78092,8067,4106,12173,16774,8300,25074,13853,6623,20476,10492,4311,14803,4633,47,4680,792,0,792,89,0,89,5,0,5
2021-02-22,64251,23525,87776,8683,4130,12813,17939,8350,26289,14781,6664,21445,11267,4334,15601,5265,47,5312,1725,0,1725,3991,0,3991,600,0,600
2021-02-23,73994,25165,99159,9350,4243,13593,19235,8596,27831,15926,6946,22872,12104,4661,16765,5752,648,6400,2522,65,2587,7891,5,7896,1214,1,1215
2021-02-24,83847,26980,110827,9925,4387,14312,20444,8993,29437,16970,7316,24286,12821,5022,17843,6159,1127,7286,3470,124,3594,12174,10,12184,1884,1,1885
2021-02-25,93610,28811,122421,10514,4565,15079,21674,9374,31048,17960,7710,25670,13595,5408,19003,6575,1547,8122,4313,188,4501,16383,17,16400,2596,2,2598
2021-02-26,102905,31328,134233,11058,4831,15889,22733,9974,32707,18779,8222,27001,14277,5974,20251,6959,2019,8978,5117,282,5399,20630,24,20654,3352,2,3354
2021-02-27,104424,31444,135868,11157,4846,16003,22926,10007,32933,18963,8248,27211,14417,6001,20418,7103,2034,9137,5311,282,5593,21043,24,21067,3504,2,3506
2021-02-28,104789,31586,136375,11172,4863,16035,22954,10068,33022,18981,8281,27262,14430,6017,20447,7156,2048,9204,5363,283,5646,21162,24,21186,3571,2,3573
2021-03-01,112821,32705,145526,11383,4992,16375,23428,10375,33803,19341,8541,27882,14761,6233,20994,7412,2234,9646,6260,304,6564,25930,24,25954,4306,2,4308
2021-03-02,120484,33931,154415,11641,5156,16797,23871,10665,34536,19677,8805,28482,14992,6502,21494,7691,2450,10141,7178,322,7500,30410,29,30439,5024,2,5026
2021-03-03,127496,35562,163058,11812,5376,17188,24233,11149,35382,19991,9207,29198,15204,6834,22038,7889,2624,10513,7981,336,8317,34621,33,34654,5765,3,5768
2021-03-04,130451,36746,167197,12058,5572,17630,24660,11508,36168,20349,9454,29803,15453,7055,22508,8100,2758,10858,8275,363,8638,35624,33,35657,5932,3,5935
2021-03-05,132991,37908,170899,12239,5730,17969,25137,11854,36991,20798,9747,30545,15807,7267,23074,8306,2887,11193,8470,385,8855,36190,35,36225,6044,3,6047
2021-03-06,135854,38027,173881,12502,5745,18247,25797,11894,37691,21412,9778,31190,16311,7293,23604,8384,2893,11277,8680,386,9066,36580,35,36615,6188,3,6191
2021-03-07,138556,38038,176594,12728,5746,18474,26425,11901,38326,22013,9780,31793,16794,7293,24087,8462,2894,11356,8880,386,9266,36905,35,36940,6349,3,6352
2021-03-08,142977,38390,181367,13026,5791,18817,26953,12000,38953,22447,9868,32315,17208,7365,24573,8823,2935,11758,9363,391,9754,38437,37,38474,6720,3,6723
2021-03-09,153398,38578,191976,13459,5822,19281,27892,12081,39973,23212,9907,33119,17937,7389,25326,9436,2947,12383,10451,392,10843,43397,37,43434,7614,3,7617
2021-03-10,165602,39128,204730,14116,5894,20010,29256,12226,41482,24526,10035,34561,19143,7527,26670,9934,3008,12942,11492,398,11890,48603,37,48640,8532,3,8535
2021-03-11,179484,42746,222230,15021,6312,21333,31135,13120,44255,26471,10842,37313,20535,8285,28820,10272,3570,13842,12519,553,13072,54149,61,54210,9382,3,9385
2021-03-12,188971,47339,236310,15889,6919,22808,33264,14338,47602,28515,12002,40517,22062,9197,31259,10492,4091,14583,12921,709,13630,56070,79,56149,9758,4,9762
2021-03-13,194746,48157,242903,16791,6993,23784,34950,14574,49524,30082,12215,42297,23147,9373,32520,10607,4195,14802,13017,722,13739,56309,81,56390,9843,4,9847
2021-03-14,199015,48887,247902,17330,7064,24394,36117,14817,50934,31396,12416,43812,24179,9519,33698,10761,4254,15015,13073,731,13804,56316,82,56398,9843,4,9847
2021-03-15,206635,53201,259836,18023,7655,25678,37747,16043,53790,33059,13471,46530,25561,10331,35892,11117,4702,15819,13456,885,14341,57636,108,57744,10036,6,10042
2021-03-16,216281,56930,273211,18618,8171,26789,39052,17131,56183,34446,14367,48813,26744,11034,37778,11632,5119,16751,14308,981,15289,61025,119,61144,10456,8,10464
2021-03-17,225565,61048,286613,19041,8720,27761,40186,18317,58503,35590,15418,51008,27695,11751,39446,12307,5538,17845,15239,1148,16387,64578,146,64724,10929,10,10939
2021-03-18,236490,64321,300811,19837,9160,28997,41930,19233,61163,37216,16231,53447,29074,12391,41465,12850,5907,18757,16294,1223,17517,67840,165,68005,11449,11,11460
2021-03-19,247161,67669,314830,20713,9632,30345,43809,20192,64001,39026,17057,56083,30503,13076,43579,13149,6237,19386,17040,1289,18329,70790,175,70965,12131,11,12142
2021-03-20,253717,68234,321951,20942,9693,30635,44330,20352,64682,39525,17213,56738,31047,13199,44246,14631,6289,20920,18035,1301,19336,72670,176,72846,12537,11,12548
2021-03-21,258376,68709,327085,20962,9759,30721,44381,20506,64887,39555,17307,56862,31262,13273,44535,16629,6347,22976,19117,1324,20441,73702,182,73884,12768,11,12779
2021-03-22,262176,71447,333623,21061,10121,31182,44531,21349,65880,39745,17930,57675,31621,13787,45408,18356,6634,24990,20169,1424,21593,73887,191,74078,12806,11,12817
2021-03-23,269625,73857,343482,21143,10428,31571,44669,22044,66713,39907,18510,58417,31879,14192,46071,19358,6903,26261,21217,1549,22766,77691,220,77911,13761,11,13772
2021-03-24,275313,74150,349463,21151,10443,31594,44682,22071,66753,39917,18536,58453,31963,14208,46171,20012,7051,27063,22164,1602,23766,81006,228,81234,14418,11,14429
2021-03-25,280230,75602,355832,21332,10687,32019,45034,22531,67565,40258,18870,59128,32227,14422,46649,20147,7161,27308,22863,1667,24530,83427,249,83676,14942,15,14957
2021-03-26,282550,77007,359557,21342,10808,32150,45067,22802,67869,40282,19092,59374,32260,14613,46873,20254,7558,27812,23250,1856,25106,84754,263,85017,15341,15,15356
2021-03-27,285096,77061,362157,21348,10811,32159,45073,22816,67889,40285,19105,59390,32274,14626,46900,20305,7564,27869,23724,1861,25585,86321,263,86584,15766,15,15781
2021-03-28,287665,77085,364750,21354,10811,32165,45080,22819,67899,40292,19110,59402,32290,14630,46920,20366,7572,27938,24122,1864,25986,87896,264,88160,16265,15,16280
2021-03-29,294775,78095,372870,21938,10952,32890,46305,23104,69409,41337,19308,60645,33110,14825,47935,20636,7738,28374,24733,1885,26618,89851,268,90119,16865,15,16880
2021-03-30,303905,79318,383223,22196,11103,33299,46904,23401,70305,41853,19552,61405,36312,15051,51363,22423,7955,30378,25714,1964,27678,91190,277,91467,17313,15,17328
2021-03-31,315628,80257,395885,22802,11254,34056,48352,23686,72038,43220,19697,62917,36887,15207,52094,22650,8106,30756,30881,2012,32893,92945,280,93225,17891,15,17906
2021-04-01,327540,80411,407951,22840,11268,34108,48415,23728,72143,44758,19727,64485,37989,15232,53221,22879,8141,31020,38279,2020,40299,94157,280,94437,18223,15,18238
2021-04-02,339163,80411,419574,22844,11268,34112,48423,23728,72151,47402,19727,67129,38011,15232,53243,22920,8141,31061,46088,2020,48108,95043,280,95323,18432,15,18447
2021-04-03,348998,80411,429409,22853,11268,34121,48430,23728,72158,47419,19727,67146,38027,15232,53259,22940,8141,31081,55302,2020,57322,95445,280,95725,18582,15,18597
2021-04-04,351804,80450,432254,22853,11268,34121,48430,23728,72158,47424,19728,67152,38031,15237,53268,22950,8166,31116,58052,2028,60080,95467,280,95747,18597,15,18612
2021-04-05,366954,81138,448092,22988,11346,34334,48538,23891,72429,47568,19863,67431,38175,15371,53546,23137,8302,31439,71971,2066,74037,95854,284,96138,18723,15,18738
2021-04-06,384314,81605,465919,23151,11434,34585,48745,24032,72777,47700,19949,67649,38276,15450,53726,23369,8361,31730,87595,2080,89675,96558,284,96842,18920,15,18935
2021-04-07,403189,82202,485391,23307,11488,34795,49020,24147,73167,47860,20034,67894,38393,15554,53947,24632,8563,33195,103186,2116,105302,97630,285,97915,19161,15,19176
2021-04-08,423511,82446,505957,23584,11539,35123,49437,24207,73644,48086,20066,68152,38592,15605,54197,28358,8593,36951,118199,2126,120325,97994,293,98287,19261,17,19278
2021-04-09,441383,83189,524572,23841,11656,35497,49819,24435,74254,48314,20217,68531,38765,15706,54471,31448,8700,40148,131296,2160,133456,98469,298,98767,19431,17,19448
2021-04-10,447902,84517,532419,23857,11795,35652,49840,24624,74464,48328,20402,68730,38784,15862,54646,32675,9134,41809,136397,2364,138761,98556,317,98873,19465,19,19484
2021-04-11,454096,85846,539942,23859,11949,35808,49846,24896,74742,48329,20615,68944,38792,16085,54877,33828,9490,43318,141308,2462,143770,98635,329,98964,19499,20,19519
2021-04-12,473891,86661,560552,24155,12027,36182,50261,25013,75274,48574,20711,69285,38991,16191,55182,37444,9785,47229,155960,2565,158525,98903,349,99252,19603,20,19623
2021-04-13,489122,90859,579981,24438,12136,36574,50638,25201,75839,48898,20837,69735,39221,16530,55751,40552,12050,52602,166410,3695,170105,99247,389,99636,19718,21,19739
2021-04-14,500807,95533,596340,24735,12147,36882,50975,25213,76188,49221,20855,70076,39344,16537,55881,42341,12077,54418,174587,5275,179862,99753,3002,102755,19851,427,20278
2021-04-15,505567,99751,605318,24915,12149,37064,51110,25217,76327,49321,20857,70178,39430,16540,55970,43094,15428,58522,177780,6092,183872,99998,3035,103033,19919,433,20352
2021-04-16,514699,100150,614849,25043,12154,37197,51177,25224,76401,49380,20863,70243,39456,16546,56002,44545,15443,59988,183899,6404,190303,101028,3081,104109,20171,435,20606
2021-04-17,515511,100151,615662,25072,12154,37226,51219,25224,76443,49449,20864,70313,39523,16546,56069,44626,15443,60069,184323,6404,190727,101102,3081,104183,20197,435,20632
2021-04-18,515818,100152,615970,25094,12154,37248,51257,25224,76481,49511,20864,70375,39595,16546,56141,44652,15443,60095,184354,6405,190759,101140,3081,104221,20215,435,20650
2021-04-19,526144,100196,626340,25276,12161,37437,51325,25230,76555,49568,20870,70438,39615,16557,56172,45812,15450,61262,191524,6408,197932,102507,3084,105591,20517,436,20953
2021-04-20,537072,106006,643078,25494,12168,37662,51455,25251,76706,49709,20879,70588,40169,17510,57679,51032,18175,69207,194861,7117,201978,103565,3949,107514,20787,957,21744
2021-04-21,557517,106058,663575,25606,12186,37792,51538,25262,76800,49788,20891,70679,40462,17516,57978,69716,18178,87894,195813,7118,202931,103739,3949,107688,20855,958,21813
2021-04-22,581484,106061,687545,25699,12186,37885,51622,25263,76885,49871,20891,70762,40565,17518,58083,92132,18178,110310,196769,7118,203887,103930,3949,107879,20896,958,21854
2021-04-23,604847,106082,710929,25769,12187,37956,51721,25265,76986,49990,20897,70887,40698,17527,58225,114203,18181,132384,197375,7118,204493,104122,3949,108071,20969,958,21927
2021-04-24,611263,106082,717345,25783,12187,37970,51734,25265,76999,50021,20897,70918,40738,17527,58265,119997,18181,138178,197777,7118,204895,104214,3949,108163,20999,958,21957
2021-04-25,611467,106082,717549,25787,12187,37974,51741,25265,77006,50038,20897,70935,40754,17527,58281,120132,18181,138313,197788,7118,204906,104222,3949,108171,21005,958,21963
2021-04-26,615338,106094,721432,25805,12189,37994,51763,25266,77029,50053,20901,70954,40772,17529,58301,123459,18183,141642,198137,7118,205255,104312,3950,108262,21037,958,21995
2021-04-27,619522,106143,725665,25950,12192,38142,51886,25284,77170,50154,20910,71064,40859,17534,58393,126015,18192,144207,199082,7122,206204,104496,3951,108447,21080,958,22038
2021-04-28,625717,123027,748744,26127,14571,40698,52110,30919,83029,50301,25896,76197,40958,21402,62360,130874,18204,149078,199602,7124,206726,104624,3953,108577,21121,958,22079
2021-04-29,632709,135697,768406,26323,16148,42471,52319,34983,87302,50427,29799,80226,41072,24512,65584,136260,18208,154468,200257,7133,207390,104846,3954,108800,21205,960,22165
2021-04-30,635999,135707,771706,26517,16149,42666,52592,34984,87576,50565,29801,80366,41175,24513,65688,138197,18210,156407,200734,7135,207869,104963,3954,108917,21256,961,22217
2021-05-01,637244,136039,773283,26517,16187,42704,52594,35136,87730,50566,29874,80440,41180,24567,65747,139082,18224,157306,200980,7136,208116,105038,3954,108992,21287,961,22248
2021-05-02,639488,147914,787402,26576,17375,43951,52698,38011,90709,50622,32702,83324,41273,26733,68006,140595,18250,158845,201263,9881,211144,105133,3995,109128,21328,967,22295
2021-05-03,653830,153283,807113,26724,17388,44112,52952,38025,90977,50747,32719,83466,43245,26744,69989,151954,18270,170224,201613,14968,216581,105225,4168,109393,21370,1001,22371
2021-05-04,679246,153684,832930,26933,17392,44325,53218,38031,91249,50881,32727,83608,47686,26745,74431,171911,18305,190216,201871,15293,217164,105323,4190,109513,21423,1001,22424
2021-05-05,687799,171058,858857,27227,17407,44634,53588,38059,91647,51227,32746,83973,48890,26783,75673,177876,20071,197947,202063,29907,231970,105454,4948,110402,21474,1137,22611
2021-05-06,693818,173989,867807,27434,17409,44843,53854,38063,91917,51476,32751,84227,49727,26790,76517,181892,20427,202319,202367,32368,234735,105558,5025,110583,21510,1156,22666
2021-05-07,696842,191989,888831,27607,17660,45267,54110,38549,92659,51616,33188,84804,50145,27136,77281,183672,22838,206510,202537,46069,248606,105602,5324,110926,21553,1225,22778
2021-05-08,699537,206955,906492,27607,19452,47059,54111,42511,96622,51617,38286,89903,50510,30967,81477,185979,22897,208876,202547,46218,248765,105612,5368,110980,21554,1256,22810
2021-05-09,699654,207190,906844,27607,19452,47059,54111,42511,96622,51617,38287,89904,50531,30977,81508,186075,22944,209019,202547,46253,248800,105612,5455,111067,21554,1311,22865
2021-05-10,702001,208181,910182,27675,19453,47128,54194,42512,96706,51684,38290,89974,50928,30980,81908,187767,22985,210752,202575,46885,249460,105621,5679,111300,21557,1397,22954
2021-05-11,708713,208666,917379,27723,19460,47183,54270,42524,96794,51756,38303,90059,52286,30994,83280,192791,23031,215822,202674,47101,249775,105645,5795,111440,21568,1458,23026
2021-05-12,715697,209647,925344,27767,19482,47249,54342,42560,96902,51823,38337,90160,53726,31029,84755,197981,23118,221099,202809,47508,250317,105674,6057,111731,21575,1556,23131
2021-05-13,718413,215176,933589,27809,19596,47405,54429,42796,97225,51886,38506,90392,54062,31183,85245,199930,23757,223687,202969,51350,254319,105733,6334,112067,21595,1654,23249
2021-05-14,721090,216874,937964,27942,19612,47554,54682,42822,97504,52040,38562,90602,54403,31245,85648,201429,24313,225742,203166,52090,255256,105813,6489,112302,21615,1741,23356
2021-05-15,732256,217266,949522,27993,19619,47612,54778,42830,97608,52106,38575,90681,56783,31258,88041,209786,24397,234183,203303,52223,255526,105878,6575,112453,21629,1789,23418
2021-05-16,735244,217454,952698,28234,19628,47862,55685,42832,98517,53061,38583,91644,57346,31271,88617,210050,24415,234465,203349,52244,255593,105888,6652,112540,21631,1829,23460
2021-05-17,742758,218513,961271,28319,19681,48000,56182,42922,99104,53337,38702,92039,58830,31401,90231,214922,24547,239469,203551,52649,256200,105964,6729,112693,21653,1882,23535
2021-05-18,750848,218882,969730,28392,19690,48082,56308,42934,99242,53461,38717,92178,60521,31418,91939,220745,24647,245392,203722,52770,256492,106024,6791,112815,21675,1915,23590
2021-05-19,756504,219956,976460,28400,19822,48222,56324,43240,99564,53475,38861,92336,61692,31511,93203,224842,24775,249617,203954,52983,256937,106108,6833,112941,21709,1931,23640
2021-05-20,778171,220738,998909,28474,19964,48438,56451,43500,99951,53579,39023,92602,67820,31609,99429,237844,24824,262668,205510,53017,258527,106669,6852,113521,21824,1949,23773
2021-05-21,780465,224961,1005426,28553,20249,48802,56650,44036,100686,53649,39455,93104,67934,31936,99870,238844,25099,263943,206151,55282,261433,106815,6938,113753,21869,1966,23835
2021-05-22,783888,225175,1009063,28664,20264,48928,56730,44059,100789,53715,39475,93190,68380,31957,100337,241021,25115,266136,206575,55394,261969,106911,6943,113854,21892,1968,23860
2021-05-23,788593,225177,1013770,28734,20264,48998,56823,44059,100882,53781,39475,93256,70465,31957,102422,243075,25116,268191,206806,55394,262200,106994,6943,113937,21915,1969,23884
2021-05-24,790352,225670,1016022,28767,20350,49117,56865,44216,101081,53816,39578,93394,70867,32016,102883,244194,25140,269334,206908,55446,262354,107015,6952,113967,21920,1972,23892
2021-05-25,791925,237171,1029096,28789,20358,49147,56876,44227,101103,53827,39585,93412,71209,32022,103231,245206,25144,270350,207030,56639,263669,107057,15854,122911,21931,3342,25273
2021-05-26,794452,240300,1034752,28842,20388,49230,56945,44281,101226,53880,39638,93518,73179,32082,105261,245455,25427,270882,207084,57064,264148,107111,17726,124837,21956,3694,25650
2021-05-27,800136,258861,1058997,28954,20450,49404,57050,44434,101484,53981,39790,93771,78224,32157,110381,245674,25694,271368,207134,58885,266019,107141,31584,138725,21978,5867,27845
2021-05-28,813732,270546,1084278,29102,20564,49666,57226,44666,101892,54396,39935,94331,90686,32231,122917,245945,25889,271834,207198,60157,267355,107181,39885,147066,21998,7219,29217
2021-05-29,829995,271488,1101483,29109,20569,49678,57245,44668,101913,55487,39939,95426,105300,32236,137536,246357,25891,272248,207292,60266,267558,107200,40600,147800,22005,7319,29324
2021-05-30,845706,271569,1117275,29117,20570,49687,57255,44670,101925,58789,39939,98728,117473,32236,149709,246517,25892,272409,207332,60276,267608,107215,40656,147871,22008,7330,29338
2021-05-31,867072,276984,1144056,29217,20741,49958,57399,44969,102368,70919,40174,111093,125990,32607,158597,246827,27058,273885,207418,60736,268154,107265,42922,150187,22037,7777,29814
2021-06-01,887686,279993,1167679,29610,20788,50398,58321,45050,103371,85258,40236,125494,130630,32650,163280,247042,27130,274172,207477,61114,268591,107295,44918,152213,22053,8107,30160
2021-06-02,907489,281983,1189472,30853,20801,51654,62587,45076,107663,94509,40261,134770,135217,32675,167892,247345,27188,274533,207569,61354,268923,107332,46155,153487,22077,8473,30550
2021-06-03,938041,283465,1221506,38875,20823,59698,75721,45105,120826,102107,40310,142417,136596,32706,169302,247628,27252,274880,207651,61550,269201,107367,47023,154390,22096,8696,30792
2021-06-04,966082,284815,1250897,45362,20869,66231,85170,45150,130320,109170,40385,149555,138950,32747,171697,249643,27437,277080,208124,61905,270029,107522,47490,155012,22141,8832,30973
2021-06-05,985966,285935,1271901,50369,20885,71254,93825,45170,138995,112681,40409,153090,140259,32783,173042,250687,27753,278440,208344,62112,270456,107623,47856,155479,22178,8967,31145
2021-06-06,1003438,286579,1290017,57420,20886,78306,101685,45170,146855,114312,40411,154723,141043,32789,173832,250788,27807,278595,208375,62268,270643,107633,48120,155753,22182,9128,31310
2021-06-07,1030146,287516,1317662,63785,20934,84719,107586,45291,152877,120617,40502,161119,148179,32845,181024,251512,27854,279366,208557,62424,270981,107707,48387,156094,22203,9279,31482
2021-06-08,1057831,289393,1347224,66252,20945,87197,110959,45307,156266,124120,40513,164633,166120,32862,198982,251762,27944,279706,208660,62840,271500,107744,49391,157135,22214,9591,31805
2021-06-09,1083054,289773,1372827,66918,20946,87864,112263,45309,157572,125367,40516,165883,187833,32866,220699,251961,27969,279930,208717,62923,271640,107769,49542,157311,22226,9702,31928
2021-06-10,1111739,290202,1401941,68524,20949,89473,114519,45311,159830,129272,40520,169792,207940,32877,240817,252561,28027,280588,208865,63015,271880,107815,49704,157519,22243,9799,32042
2021-06-11,1117152,310171,1427323,68918,20986,89904,115221,45383,160604,130619,40574,171193,210727,32949,243676,252680,28281,280961,208899,65347,274246,107835,64752,172587,22253,11899,34152
2021-06-12,1128574,312854,1441428,69942,20990,90932,116617,45388,162005,133491,40585,174076,216771,32984,249755,252731,28358,281089,208920,65762,274682,107845,66491,174336,22257,12296,34553
2021-06-13,1136934,312969,1449903,70398,20990,91388,117224,45392,162616,135350,40588,175938,222115,32984,255099,252802,28362,281164,208936,65776,274712,107850,66568,174418,22259,12309,34568
2021-06-14,1148834,313750,1462584,71980,21000,92980,119296,45402,164698,138015,40601,178616,227553,32994,260547,252891,28381,281272,208967,65875,274842,107864,67085,174949,22268,12412,34680
2021-06-15,1174890,315148,1490038,72234,21039,93273,119718,45468,165186,138847,40647,179494,251523,33041,284564,253269,28437,281706,209076,66215,275291,107925,67762,175687,22298,12539,34837
2021-06-16,1182958,324845,1507803,72908,21403,94311,121016,46052,167068,141382,41994,183376,254852,33982,288834,253394,28685,282079,209132,70796,279928,107957,69026,176983,22317,12907,35224
2021-06-17,1199099,334414,1533513,73334,21451,94785,121798,46140,167938,147228,42331,189559,263148,34123,297271,253932,29348,283280,209288,77435,286723,108031,70293,178324,22340,13293,35633
2021-06-18,1226119,336839,1562958,74782,21473,96255,123912,46183,170095,163522,42411,205933,269539,34178,303717,254484,29726,284210,209419,78582,288001,108090,70825,178915,22371,13461,35832
2021-06-19,1247087,337944,1585031,75278,21482,96760,124286,46197,170483,180161,42431,222592,272401,34200,306601,254930,29809,284739,209521,78795,288316,108128,71320,179448,22382,13710,36092
2021-06-20,1247090,337944,1585034,75279,21482,96761,124287,46197,170484,180162,42431,222593,272401,34200,306601,254930,29809,284739,209521,78795,288316,108128,71320,179448,22382,13710,36092
2021-06-21,1258628,338487,1597115,75308,21497,96805,124342,46232,170574,190099,42514,232613,273567,34305,307872,255181,29902,285083,209597,78879,288476,108147,71410,179557,22387,13748,36135
2021-06-22,1267694,339641,1607335,75563,21650,97213,124588,46480,171068,194478,42678,237156,276557,34524,311081,255983,30017,286000,209852,78980,288832,108247,71506,179753,22426,13806,36232
2021-06-23,1285665,340832,1626497,75791,21799,97590,124907,46706,171613,209712,42858,252570,278346,34759,313105,256247,30113,286360,209936,79081,289017,108282,71655,179937,22444,13861,36305
2021-06-24,1319232,342075,1661307,76251,21948,98199,129473,46947,176420,235640,43001,278641,280413,34950,315363,256644,30260,286904,210045,79311,289356,108316,71759,180075,22450,13899,36349
2021-06-25,1336650,356211,1692861,77803,21976,99779,133187,46976,180163,245306,43077,288383,282103,35331,317434,257227,40422,297649,210202,81958,292160,108362,72407,180769,22460,14064,36524
2021-06-26,1339547,374537,1714084,77835,22024,99859,133211,47038,180249,246903,43146,290049,283013,35677,318690,257465,55707,313172,210275,83870,294145,108379,72888,181267,22466,14187,36653
2021-06-27,1351019,380148,1731167,77847,22182,100029,133239,47224,180463,253690,43451,297141,287302,36967,324269,257722,57717,315439,210347,85170,295517,108403,73190,181593,22469,14247,36716
2021-06-28,1385191,382875,1768066,80061,22330,102391,135991,47485,183476,280169,43639,323808,289552,37236,326788,258068,59077,317145,210431,85486,295917,108444,73298,181742,22475,14324,36799
2021-06-29,1418617,386265,1804882,80446,22493,102939,137020,47728,184748,310581,43836,354417,290708,37609,328317,258384,60516,318900,210530,86050,296580,108465,73620,182085,22483,14413,36896
2021-06-30,1454532,389034,1843566,80772,22513,103285,147007,47754,194761,334389,43857,378246,291989,37640,329629,258724,62861,321585,210632,86243,296875,108510,73705,182215,22509,14461,36970
2021-07-01,1476889,392632,1869521,81060,22546,103606,156486,47794,204280,345012,43928,388940,293367,38259,331626,259101,64373,323474,210754,87047,297801,108574,74105,182679,22535,14580,37115
2021-07-02,1488486,408989,1897475,82707,22664,105371,162372,47997,210369,348069,44109,392178,293998,38487,332485,259325,66343,325668,210841,88793,299634,108624,83961,192585,22550,16635,39185
2021-07-03,1506271,414273,1920544,82733,22690,105423,173651,48061,221712,353264,44171,397435,294940,38613,333553,259572,66974,326546,210912,89678,300590,108644,86829,195473,22555,17257,39812
2021-07-04,1526485,414576,1941061,84088,22690,106778,191254,48067,239321,354130,44172,398302,295182,38615,333797,259671,66997,326668,210944,89760,300704,108659,86951,195610,22557,17324,39881
2021-07-05,1534287,417258,1951545,84713,22725,107438,197701,48116,245817,354586,44245,398831,295352,38710,334062,259722,67726,327448,210974,90369,301343,108673,87818,196491,22566,17549,40115
2021-07-06,1557613,418969,1976582,85764,22757,108521,219001,48180,267181,355081,44342,399423,295649,38839,334488,259837,67998,327835,211024,90637,301661,108684,88481,197165,22573,17735,40308
2021-07-07,1567510,420842,1988352,86023,22792,108815,226403,48240,274643,356557,44419,400976,296186,38938,335124,259979,68203,328182,211074,91044,302118,108707,89280,197987,22581,17926,40507
2021-07-08,1601769,421565,2023334,86894,22816,109710,253598,48295,301893,360815,44494,405309,297510,39060,336570,260390,68428,328818,211205,91109,302314,108756,89406,198162,22601,17957,40558
2021-07-09,1626381,422673,2049054,88273,22832,111105,270404,48319,318723,365157,44531,409688,299095,39135,338230,260731,68765,329496,211323,91649,302972,108792,89467,198259,22606,17975,40581
2021-07-10,1646262,424932,2071194,91422,22879,114301,286047,48417,334464,365848,44626,410474,299343,39290,338633,260834,69670,330504,211352,92298,303650,108808,89719,198527,22608,18033,40641
2021-07-11,1648458,428445,2076903,91783,23130,114913,287799,49001,336800,365892,45101,410993,299365,39528,338893,260843,69723,330566,211356,92603,303959,108811,91061,199872,22609,18298,40907
2021-07-12,1681656,429079,2110735,97734,23142,120876,313431,49024,362455,366820,45136,411956,299833,39558,339391,260988,69853,330841,211402,92744,304146,108830,91269,200099,22618,18353,40971
2021-07-13,1700439,429268,2129707,101111,23155,124266,326707,49039,375746,368158,45161,413319,300354,39576,339930,261171,69864,331035,211465,92782,304247,108848,91309,200157,22625,18382,41007
2021-07-14,1706874,429505,2136379,102406,23189,125595,330796,49085,379881,368781,45193,413974,300638,39610,340248,261268,69877,331145,211492,92815,304307,108863,91335,200198,22630,18401,41031
2021-07-15,1710054,459690,2169744,103083,23608,126691,332526,50961,383487,369215,58607,427822,300861,42924,343785,261344,71642,332986,211523,99082,310605,108870,93890,202760,22632,18976,41608
2021-07-16,1712709,490322,2203031,103697,23736,127433,333984,53457,387441,369535,73532,443067,301034,43916,344950,261396,71930,333326,211545,109093,320638,108883,95335,204218,22635,19323,41958
2021-07-17,1728442,500008,2228450,106705,23827,130532,343538,54344,397882,371510,80241,451751,301881,44684,346565,261655,72173,333828,211600,109825,321425,108912,95538,204450,22641,19376,42017
2021-07-18,1742602,508881,2251483,113439,23851,137290,348862,54503,403365,372870,86080,458950,302389,47051,349440,261822,72402,334224,211645,109982,321627,108931,95615,204546,22644,19397,42041
2021-07-19,1749980,535851,2285831,117917,25310,143227,350656,56689,407345,373485,106231,479716,302709,48906,351615,261929,72715,334644,211680,110288,321968,108954,96159,205113,22650,19553,42203
2021-07-20,1772033,551497,2323530,133314,25686,159000,355179,57479,412658,374737,118936,493673,303280,49792,353072,262146,72908,335054,211742,110666,322408,108979,96406,205385,22656,19624,42280
2021-07-21,1808557,552249,2360806,161186,25736,186922,361695,57541,419236,375926,119138,495064,303879,49831,353710,262386,72965,335351,211832,110923,322755,108994,96464,205458,22659,19651,42310
2021-07-22,1844587,552530,2397117,185750,25743,211493,369314,57560,426874,378206,119167,497373,304956,49848,354804,262723,73016,335739,211938,110977,322915,109033,96531,205564,22667,19688,42355
2021-07-23,1863814,566280,2430094,198497,26042,224539,373136,59401,432537,379619,129407,509026,305764,50770,356534,263023,73223,336246,212030,111105,323135,109072,96613,205685,22673,19719,42392
2021-07-24,1865109,593800,2458909,199617,26622,226239,373214,60259,433473,379647,140497,520144,305796,64729,370525,263039,73776,336815,212037,111309,323346,109079,96840,205919,22680,19768,42448
2021-07-25,1890387,593920,2484307,215599,26624,242223,378885,60267,439152,381563,140509,522072,307021,64741,371762,263426,73784,337210,212097,111340,323437,109105,96868,205973,22691,19787,42478
2021-07-26,1899243,624302,2523545,222949,31782,254731,379616,69627,449243,381950,150060,532010,307284,69598,376882,263516,74555,338071,212116,111769,323885,109118,97066,206184,22694,19845,42539
2021-07-27,1913272,644063,2557335,234635,35364,269999,380853,75151,456004,382558,155813,538371,307589,71985,379574,263642,76108,339750,212166,112343,324509,109132,97373,206505,22697,19926,42623
2021-07-28,1950735,644630,2595365,266910,35404,302314,383477,75249,458726,384024,156075,540099,308320,72019,380339,263890,76155,340045,212241,112383,324624,109163,97404,206567,22710,19941,42651
2021-07-29,1986324,646026,2632350,296065,35531,331596,387021,75542,462563,385662,156717,542379,309153,72185,381338,264151,76232,340383,212329,112434,324763,109202,97432,206634,22741,19953,42694
2021-07-30,2000447,664691,2665138,305769,36884,342653,389408,85056,474464,386846,162322,549168,309714,73823,383537,264327,76563,340890,212385,112577,324962,109241,97484,206725,22757,19982,42739
2021-07-31,2000932,689842,2690774,306080,39902,345982,389490,99258,488748,386886,168564,555450,309735,74918,384653,264345,76927,341272,212393,112695,325088,109245,97561,206806,22758,20017,42775
2021-08-01,2000959,703867,2704826,306084,43199,349283,389493,105557,495050,386888,171351,558239,309739,75928,385667,264347,77339,341686,212398,112832,325230,109249,97621,206870,22761,20040,42801
2021-08-02,2005016,736416,2741432,308293,47265,355558,390341,125682,516023,387443,178067,565510,310023,77073,387096,264442,77644,342086,212442,112949,325391,109266,97676,206942,22766,20060,42826
2021-08-03,2016493,756576,2773069,318463,52395,370858,390881,130774,521655,387838,182423,570261,310211,82043,392254,264536,78103,342639,212483,113049,325532,109298,97715,207013,22783,20074,42857
2021-08-04,2019473,781631,2801104,319893,55454,375347,391594,135636,527230,388277,185581,573858,310441,95552,405993,264615,78410,343025,212541,113152,325693,109319,97761,207080,22793,20085,42878
2021-08-05,2028046,791091,2819137,325795,56703,382498,392906,141302,534208,389011,187392,576403,310843,96066,406909,264755,78546,343301,212596,113205,325801,109338,97782,207120,22802,20095,42897
2021-08-06,2030008,798861,2828869,326893,57033,383926,393264,142575,535839,389286,187826,577112,310983,96371,407354,264806,81069,345875,212632,116011,328643,109342,97861,207203,22802,20115,42917
2021-08-07,2032223,821197,2853420,328851,57053,385904,393352,142603,535955,389363,187852,577215,311017,96451,407468,264821,84217,349038,212653,134741,347394,109354,98114,207468,22812,20166,42978
2021-08-08,2032250,843071,2875321,328856,57066,385922,393352,142628,535980,389363,187871,577234,311018,96536,407554,264833,96670,361503,212659,143650,356309,109355,98431,207786,22814,20219,43033
2021-08-09,2032605,876550,2909155,328984,57230,386214,393433,142968,536401,389416,188222,577638,311046,99076,410122,264860,121775,386635,212678,148282,360960,109366,98730,208096,22822,20267,43089
2021-08-10,2033002,909380,2942382,329170,57806,386976,393503,143910,537413,389475,190160,579635,311084,102178,413262,264881,138800,403681,212689,157106,369795,109376,99082,208458,22824,20338,43162
2021-08-11,2035422,938509,2973931,331402,58001,389403,393567,144580,538147,389514,190849,580363,311113,107186,418299,264912,156651,421563,212705,161405,374110,109385,99429,208814,22824,20408,43232
2021-08-12,2035882,960524,2996406,331565,58638,390203,393671,145015,538686,389599,191263,580862,311163,111194,422357,264936,164638,429574,212721,169455,382176,109394,99830,209224,22833,20491,43324
2021-08-13,2036042,991383,3027425,331621,58815,390436,393714,145333,539047,389625,191570,581195,311176,111999,423175,264941,177113,442054,212726,185003,397729,109404,100833,210237,22835,20717,43552
2021-08-14,2036065,1012336,3048401,331624,59029,390653,393714,145695,539409,389627,192034,581661,311177,115753,426930,264949,190725,455674,212730,187157,399887,109407,101153,210560,22837,20790,43627
2021-08-15,2036091,1036450,3072541,331629,60041,391670,393717,147441,541158,389633,194851,584484,311184,129458,440642,264952,194031,458983,212731,188333,401064,109408,101420,210828,22837,20875,43712
2021-08-16,2049349,1044018,3093367,334361,60261,394622,395766,147730,543496,393691,196126,589817,314023,130765,444788,265963,195450,461413,213087,191018,404105,109582,101712,211294,22876,20956,43832
2021-08-17,2078249,1045055,3123304,348440,60288,408728,407299,147793,555092,396058,196327,592385,314521,131458,445979,266242,195487,461729,213172,191028,404200,109630,101718,211348,22887,20956,43843
2021-08-18,2091746,1055221,3146967,357282,60852,418134,409369,148865,558234,397377,197562,594939,315283,134308,449591,266557,198558,465115,213295,192192,405487,109688,101885,211573,22895,20999,43894
2021-08-19,2096793,1062308,3159101,361247,61572,422819,409831,150001,559832,397716,198269,595985,315490,136929,452419,266607,199730,466337,213311,192796,406107,109695,101987,211682,22896,21024,43920
2021-08-20,2102886,1081596,3184482,365831,62000,427831,410500,151966,562466,398146,200013,598159,315764,151483,467247,266693,200079,466772,213340,192980,406320,109713,102039,211752,22899,21036,43935
2021-08-21,2103435,1102436,3205871,366105,65413,431518,410608,157435,568043,398222,205040,603262,315807,157343,473150,266720,200826,467546,213353,193198,406551,109718,102121,211839,22902,21060,43962
2021-08-22,2103491,1123368,3226859,366125,68851,434976,410615,168096,578711,398230,208853,607083,315814,159397,475211,266730,201576,468306,213357,193368,406725,109718,102163,211881,22902,21064,43966
2021-08-23,2116864,1142797,3259661,377432,71725,449157,411550,181116,592666,398839,210876,609715,316151,160437,476588,266854,201898,468752,213399,193469,406868,109731,102199,211930,22908,21077,43985
2021-08-24,2118574,1166624,3285198,378248,89054,467302,411963,184403,596366,399118,212339,611457,316279,161604,477883,266908,202282,469190,213409,193601,407010,109738,102245,211983,22911,21096,44007
2021-08-25,2120549,1195944,3316493,379393,92620,472013,412324,186693,599017,399379,225178,624557,316410,171059,487469,266952,203094,470046,213428,193832,407260,109748,102344,212092,22915,21124,44039
2021-08-26,2121806,1226981,3348787,379938,96425,476363,412621,188582,601203,399585,226292,625877,316530,178278,494808,266985,216446,483431,213456,196823,410279,109769,102878,212647,22922,21257,44179
2021-08-27,2122716,1261820,3384536,380350,117432,497782,412819,194329,607148,399716,228118,627834,316612,183072,499684,267017,217545,484562,213485,197088,410573,109783,102960,212743,22934,21276,44210
2021-08-28,2122760,1285971,3408731,380359,135970,516329,412829,197368,610197,399721,229584,629305,316622,183830,500452,267019,217735,484754,213488,197209,410697,109786,102993,212779,22936,21282,44218
2021-08-29,2122819,1309894,3432713,380382,138135,518517,412839,198562,611401,399738,233623,633361,316627,199220,515847,267023,218408,485431,213488,197549,411037,109786,103097,212883,22936,21300,44236
2021-08-30,2140362,1324738,3465100,387673,138440,526113,416807,199197,616004,403160,236271,639431,318539,205114,523653,267606,221548,489154,213737,199330,413067,109883,103456,213339,22957,21382,44339
2021-08-31,2151548,1346097,3497645,393012,156757,549769,419339,200403,619742,405232,237340,642572,319336,205640,524976,267890,221680,489570,213848,199397,413245,109921,103488,213409,22970,21392,44362
2021-09-01,2153386,1377191,3530577,393693,184762,578455,419670,201292,620962,405624,237822,643446,319579,206125,525704,267988,222540,490528,213905,199710,413615,109952,103541,213493,22975,21399,44374
2021-09-02,2155238,1409986,3565224,395293,202497,597790,419795,205023,624818,405692,244151,649843,319610,209891,529501,268003,223337,491340,213913,200055,413968,109957,103622,213579,22975,21410,44385
