FECHA,TotalM,TotalF,Total,<=30M,<=30F,<=30,31-40M,31-40F,31-40,41-50M,41-50F,41-50,51-60M,51-60F,51-60,61-70M,61-70F,61-70,71-80M,71-80F,71-80,81-90M,81-90F,81-90,>=91M,>=91F,>=91
2020-12-29,259,411,670,38,68,106,92,125,217,79,134,213,49,82,131,1,2,3,0,0,0,0,0,0,0,0,0
2020-12-30,559,895,1454,83,167,250,199,268,467,169,284,453,105,173,278,3,3,6,0,0,0,0,0,0,0,0,0
2020-12-31,596,939,1535,90,170,260,211,284,495,181,300,481,111,181,292,3,4,7,0,0,0,0,0,0,0,0,0
2021-01-01,596,939,1535,90,170,260,211,284,495,181,300,481,111,181,292,3,4,7,0,0,0,0,0,0,0,0,0
2021-01-02,736,1182,1918,104,198,302,265,379,644,228,367,595,135,233,368,4,5,9,0,0,0,0,0,0,0,0,0
2021-01-03,785,1281,2066,112,212,324,287,420,707,239,395,634,143,249,392,4,5,9,0,0,0,0,0,0,0,0,0
2021-01-04,1105,1806,2911,169,303,472,389,608,997,332,548,880,210,342,552,5,5,10,0,0,0,0,0,0,0,0,0
2021-01-05,1575,2536,4111,238,431,669,585,850,1435,451,766,1217,295,480,775,6,8,14,0,1,1,0,0,0,0,0,0
2021-01-06,2090,3309,5399,328,577,905,781,1083,1864,593,991,1584,381,648,1029,7,9,16,0,1,1,0,0,0,0,0,0
2021-01-07,2616,4202,6818,413,734,1147,960,1392,2352,742,1250,1992,494,816,1310,7,9,16,0,1,1,0,0,0,0,0,0
2021-01-08,3281,5380,8661,534,964,1498,1185,1795,2980,933,1588,2521,617,1020,1637,12,12,24,0,1,1,0,0,0,0,0,0
2021-01-09,3448,5652,9100,548,1004,1552,1255,1897,3152,985,1674,2659,648,1064,1712,12,12,24,0,1,1,0,0,0,0,0,0
2021-01-10,3656,6011,9667,581,1052,1633,1344,2048,3392,1038,1776,2814,679,1122,1801,14,12,26,0,1,1,0,0,0,0,0,0
2021-01-11,4313,7203,11516,692,1310,2002,1609,2450,4059,1212,2099,3311,784,1328,2112,16,15,31,0,1,1,0,0,0,0,0,0
2021-01-12,4903,8292,13195,787,1500,2287,1844,2839,4683,1362,2388,3750,893,1548,2441,17,16,33,0,1,1,0,0,0,0,0,0
2021-01-13,5368,9182,14550,866,1679,2545,2008,3162,5170,1490,2622,4112,986,1702,2688,18,16,34,0,1,1,0,0,0,0,0,0
2021-01-14,6166,10598,16764,1035,1958,2993,2300,3650,5950,1706,3016,4722,1107,1956,3063,18,17,35,0,1,1,0,0,0,0,0,0
2021-01-15,7358,12818,20176,1250,2409,3659,2765,4421,7186,2012,3629,5641,1313,2338,3651,18,20,38,0,1,1,0,0,0,0,0,0
2021-01-16,7832,13672,21504,1346,2562,3908,2941,4748,7689,2132,3871,6003,1395,2470,3865,18,20,38,0,1,1,0,0,0,0,0,0
2021-01-17,8117,14216,22333,1412,2655,4067,3054,4962,8016,2204,4024,6228,1429,2554,3983,18,20,38,0,1,1,0,0,0,0,0,0
2021-01-18,8305,14532,22837,1440,2709,4149,3115,5066,8181,2260,4127,6387,1472,2609,4081,18,20,38,0,1,1,0,0,0,0,0,0
2021-01-19,8589,15001,23590,1476,2776,4252,3196,5235,8431,2354,4272,6626,1543,2696,4239,20,21,41,0,1,1,0,0,0,0,0,0
2021-01-20,8880,15506,24386,1507,2872,4379,3305,5385,8690,2441,4430,6871,1607,2794,4401,20,24,44,0,1,1,0,0,0,0,0,0
2021-01-21,9009,15697,24706,1530,2902,4432,3349,5438,8787,2476,4495,6971,1629,2835,4464,25,25,50,0,2,2,0,0,0,0,0,0
2021-01-22,9047,15747,24794,1537,2912,4449,3364,5452,8816,2488,4512,7000,1631,2843,4474,26,26,52,1,2,3,0,0,0,0,0,0
2021-01-23,9165,15947,25112,1547,2933,4480,3409,5531,8940,2527,4572,7099,1654,2883,4537,27,26,53,1,2,3,0,0,0,0,0,0
2021-01-24,9209,16035,25244,1552,2942,4494,3429,5568,8997,2538,4598,7136,1662,2899,4561,27,26,53,1,2,3,0,0,0,0,0,0
2021-01-25,9491,16496,25987,1597,3019,4616,3513,5716,9229,2619,4742,7361,1732,2989,4721,29,28,57,1,2,3,0,0,0,0,0,0
2021-01-26,9874,17150,27024,1640,3124,4764,3661,5902,9563,2726,4961,7687,1812,3129,4941,34,32,66,1,2,3,0,0,0,0,0,0
2021-01-27,10324,17813,28137,1715,3240,4955,3831,6097,9928,2845,5156,8001,1894,3284,5178,38,34,72,1,2,3,0,0,0,0,0,0
2021-01-28,10784,18620,29404,1791,3385,5176,3983,6370,10353,2973,5381,8354,1997,3447,5444,39,35,74,1,2,3,0,0,0,0,0,0
2021-01-29,11418,19681,31099,1893,3573,5466,4225,6745,10970,3155,5688,8843,2101,3634,5735,43,39,82,1,2,3,0,0,0,0,0,0
2021-01-30,11570,19941,31511,1912,3612,5524,4284,6849,11133,3200,5765,8965,2130,3674,5804,43,39,82,1,2,3,0,0,0,0,0,0
2021-01-31,11688,20166,31854,1935,3645,5580,4326,6942,11268,3232,5825,9057,2150,3713,5863,44,39,83,1,2,3,0,0,0,0,0,0
2021-02-01,12235,21110,33345,2026,3820,5846,4551,7274,11825,3382,6080,9462,2230,3891,6121,45,43,88,1,2,3,0,0,0,0,0,0
2021-02-02,13418,23115,36533,2139,4064,6203,4840,7739,12579,3588,6519,10107,2456,4353,6809,351,407,758,38,31,69,5,2,7,1,0,1
2021-02-03,14686,25427,40113,2277,4391,6668,5164,8356,13520,3841,7065,10906,2703,4827,7530,618,725,1343,74,59,133,8,4,12,1,0,1
2021-02-04,15928,27754,43682,2436,4715,7151,5523,9021,14544,4133,7631,11764,2924,5309,8233,785,976,1761,113,95,208,12,7,19,2,0,2
2021-02-05,17839,31467,49306,2716,5293,8009,6143,10192,16335,4538,8540,13078,3282,6044,9326,976,1252,2228,165,137,302,17,9,26,2,0,2
2021-02-06,18281,32275,50556,2797,5412,8209,6279,10469,16748,4654,8770,13424,3368,6199,9567,998,1278,2276,166,138,304,17,9,26,2,0,2
2021-02-07,18634,32927,51561,2851,5502,8353,6392,10706,17098,4764,8962,13726,3426,6310,9736,1014,1299,2313,168,139,307,17,9,26,2,0,2
2021-02-08,19502,34521,54023,2979,5782,8761,6670,11209,17879,4975,9389,14364,3576,6581,10157,1103,1402,2505,179,149,328,18,9,27,2,0,2
2021-02-09,20494,36452,56946,3120,6124,9244,6974,11780,18754,5202,9851,15053,3757,6984,10741,1223,1548,2771,193,156,349,23,9,32,2,0,2
2021-02-10,21035,37481,58516,3203,6289,9492,7108,12105,19213,5347,10115,15462,3865,7190,11055,1282,1610,2892,202,163,365,26,9,35,2,0,2
2021-02-11,21488,38548,60036,3274,6470,9744,7252,12453,19705,5444,10384,15828,3936,7388,11324,1339,1673,3012,214,171,385,27,9,36,2,0,2
2021-02-12,22003,39508,61511,3348,6629,9977,7421,12787,20208,5562,10663,16225,4027,7527,11554,1386,1714,3100,227,179,406,30,9,39,2,0,2
2021-02-13,22031,39552,61583,3350,6637,9987,7432,12804,20236,5568,10672,16240,4035,7536,11571,1386,1715,3101,228,179,407,30,9,39,2,0,2
2021-02-14,22037,39577,61614,3352,6644,9996,7434,12812,20246,5568,10682,16250,4037,7536,11573,1386,1715,3101,228,179,407,30,9,39,2,0,2
2021-02-15,22037,39577,61614,3352,6644,9996,7434,12812,20246,5568,10682,16250,4037,7536,11573,1386,1715,3101,228,179,407,30,9,39,2,0,2
2021-02-16,22048,39613,61661,3353,6645,9998,7442,12830,20272,5570,10695,16265,4037,7539,11576,1386,1715,3101,228,180,408,30,9,39,2,0,2
2021-02-17,22850,41122,63972,3481,6874,10355,7691,13282,20973,5740,11127,16867,4183,7825,12008,1483,1821,3304,240,184,424,30,9,39,2,0,2
2021-02-18,24708,45018,69726,3700,7416,11116,8219,14332,22551,6120,12154,18274,4547,8610,13157,1752,2212,3964,319,279,598,49,15,64,2,0,2
2021-02-19,26387,48839,75226,3897,7951,11848,8669,15449,24118,6550,13138,19688,4856,9346,14202,1964,2548,4512,385,382,767,61,25,86,5,0,5
2021-02-20,26843,49626,76469,3942,8035,11977,8807,15722,24529,6662,13331,19993,4944,9496,14440,2017,2630,4647,404,387,791,62,25,87,5,0,5
2021-02-21,27171,50130,77301,3977,8100,12077,8900,15909,24809,6742,13462,20204,5023,9582,14605,2050,2660,4710,410,392,802,64,25,89,5,0,5
2021-02-22,30595,56372,86967,4172,8546,12718,9252,16773,26025,7013,14162,21175,5278,10128,15406,2362,2974,5336,805,925,1730,1541,2438,3979,172,426,598
2021-02-23,34564,63759,98323,4423,9074,13497,9697,17870,27567,7440,15164,22604,5641,10928,16569,2840,3587,6427,1161,1419,2580,3012,4856,7868,350,861,1211
2021-02-24,38617,71367,109984,4680,9538,14218,10249,18923,29172,7887,16130,24017,5968,11680,17648,3225,4093,7318,1561,2036,3597,4533,7603,12136,514,1364,1878
2021-02-25,42659,78909,121568,4915,10070,14985,10774,20013,30787,8381,17027,25408,6340,12467,18807,3571,4586,8157,1896,2609,4505,6064,10264,16328,718,1873,2591
2021-02-26,46571,86778,133349,5166,10631,15797,11319,21133,32452,8761,17981,26742,6736,13324,20060,3925,5092,9017,2255,3139,5394,7503,13038,20541,906,2440,3346
2021-02-27,47096,87883,134979,5206,10705,15911,11418,21262,32680,8849,18103,26952,6796,13431,20227,3981,5195,9176,2319,3268,5587,7606,13348,20954,921,2571,3492
2021-02-28,47251,88236,135487,5221,10722,15943,11448,21320,32768,8866,18138,27004,6809,13448,20257,4016,5228,9244,2334,3306,5640,7631,13441,21072,926,2633,3559
2021-03-01,50336,94317,144653,5332,10956,16288,11711,21850,33561,9090,18537,27627,6974,13831,20805,4209,5478,9687,2692,3866,6558,9202,16634,25836,1126,3165,4291
2021-03-02,53375,100200,153575,5458,11257,16715,11942,22354,34296,9264,18965,28229,7130,14177,21307,4396,5791,10187,3063,4437,7500,10787,19544,30331,1335,3675,5010
2021-03-03,56257,106021,162278,5591,11515,17106,12192,22949,35141,9485,19461,28946,7289,14565,21854,4534,6027,10561,3368,4956,8324,12249,22330,34579,1549,4218,5767
2021-03-04,57541,108895,166436,5714,11835,17549,12425,23505,35930,9675,19881,29556,7428,14896,22324,4654,6254,10908,3486,5160,8646,12578,23007,35585,1581,4357,5938
2021-03-05,58660,111500,170160,5809,12081,17890,12673,24083,36756,9872,20429,30301,7593,15297,22890,4774,6471,11245,3561,5303,8864,12764,23398,36162,1614,4438,6052
2021-03-06,59317,113830,173147,5849,12320,18169,12848,24609,37457,10007,20938,30945,7695,15725,23420,4802,6527,11329,3627,5448,9075,12852,23704,36556,1637,4559,6196
2021-03-07,59965,115897,175862,5884,12511,18395,12994,25099,38093,10154,21394,31548,7817,16086,23903,4837,6571,11408,3695,5580,9275,12927,23955,36882,1657,4701,6358
2021-03-08,61422,119230,180652,5976,12766,18742,13179,25543,38722,10289,21784,32073,7955,16436,24391,4968,6845,11813,3874,5888,9762,13452,24965,38417,1729,5003,6732
2021-03-09,65185,126079,191264,6133,13072,19205,13513,26228,39741,10561,22317,32878,8207,16939,25146,5239,7200,12439,4293,6558,10851,15284,28093,43377,1955,5672,7627
2021-03-10,69234,134805,204039,6346,13591,19937,13901,27352,41253,10899,23427,34326,8555,17934,26489,5463,7534,12997,4697,7204,11901,17170,31417,48587,2203,6346,8549
2021-03-11,74422,147133,221555,6756,14506,21262,14646,29386,44032,11464,25614,37078,9080,19557,28637,5830,8071,13901,5141,7943,13084,19092,35069,54161,2413,6987,9400
2021-03-12,78238,157448,235686,7188,15558,22746,15481,31915,47396,12146,28143,40289,9660,21419,31079,6120,8531,14651,5372,8271,13643,19752,36352,56104,2519,7259,9778
2021-03-13,79737,162556,242293,7382,16343,23725,15903,33420,49323,12525,29545,42070,9959,22382,32341,6210,8660,14870,5402,8350,13752,19820,36528,56348,2536,7328,9864
2021-03-14,80781,166511,247292,7479,16856,24335,16208,34524,50732,12817,30769,43586,10201,23318,33519,6290,8793,15083,5427,8390,13817,19823,36533,56356,2536,7328,9864
2021-03-15,83759,175489,259248,7740,17884,25624,16855,36738,53593,13372,32935,46307,10705,25009,35714,6575,9315,15890,5639,8717,14356,20269,37434,57703,2604,7457,10061
2021-03-16,87689,184949,272638,8007,18728,26735,17467,38520,55987,13936,34656,48592,11167,26437,37604,6909,9915,16824,6016,9290,15306,21473,39633,61106,2714,7770,10484
2021-03-17,91870,194204,286074,8302,19409,27711,18089,40225,58314,14515,36275,50790,11615,27662,39277,7301,10622,17923,6440,9966,16406,22750,41942,64692,2858,8103,10961
2021-03-18,96259,204083,300342,8641,20313,28954,18837,42160,60997,15200,38050,53250,12197,29102,41299,7627,11214,18841,6881,10660,17541,23878,44097,67975,2998,8487,11485
2021-03-19,100430,214010,314440,8999,21313,30312,19620,44230,63850,15977,39926,55903,12829,30602,43431,7881,11602,19483,7183,11171,18354,24791,46145,70936,3150,9021,12171
2021-03-20,102617,218954,321571,9069,21535,30604,19828,44706,64534,16168,40391,56559,13026,31073,44099,8339,12679,21018,7568,11794,19362,25371,47445,72816,3248,9331,12579
2021-03-21,104292,222420,326712,9093,21598,30691,19899,44840,64739,16211,40472,56683,13121,31268,44389,8977,14099,23076,7987,12481,20468,25702,48154,73856,3302,9508,12810
2021-03-22,106386,226912,333298,9260,21897,31157,20213,45534,65747,16456,41051,57507,13353,31912,45265,9554,15547,25101,8456,13166,21622,25779,48272,74051,3315,9533,12848
2021-03-23,109416,233882,343298,9381,22169,31550,20477,46120,66597,16674,41587,58261,13559,32373,45932,9963,16418,26381,8911,13909,22820,26935,50990,77925,3516,10316,13832
2021-03-24,111276,238012,349288,9387,22186,31573,20489,46148,66637,16684,41614,58298,13597,32435,46032,10201,16984,27185,9254,14567,23821,27991,53260,81251,3673,10818,14491
2021-03-25,113388,242318,355706,9518,22486,32004,20750,46712,67462,16931,42054,58985,13759,32757,46516,10295,17140,27435,9560,15028,24588,28781,54916,83697,3794,11225,15019
2021-03-26,114500,244960,359460,9555,22584,32139,20859,46911,67770,17009,42229,59238,13848,32898,46746,10417,17526,27943,9742,15422,25164,29194,55845,85039,3876,11545,15421
2021-03-27,115238,246824,362062,9557,22590,32147,20864,46926,67790,17012,42242,59254,13853,32920,46773,10434,17566,28000,9893,15752,25645,29680,56927,86607,3945,11901,15846
2021-03-28,115948,248710,364658,9559,22594,32153,20867,46933,67800,17013,42252,59265,13861,32933,46794,10464,17606,28070,10035,16011,26046,30113,58071,88184,4036,12310,16346
2021-03-29,118255,254564,372819,9760,23123,32883,21289,48031,69320,17362,43154,60516,14142,33677,47819,10615,17894,28509,10274,16408,26682,30666,59477,90143,4147,12800,16947
2021-03-30,121412,261812,383224,9882,23421,33303,21534,48691,70225,17591,43692,61283,15197,36055,51252,11383,19142,30525,10644,17103,27747,30971,60521,91492,4210,13187,17397
2021-03-31,125580,270334,395914,10114,23950,34064,22028,49933,71961,18024,44775,62799,15434,36555,51989,11545,19363,30908,12691,20275,32966,31433,61818,93251,4311,13665,17976
2021-04-01,130112,277923,408035,10138,23979,34117,22056,50016,72072,18565,45811,64376,15821,37309,53130,11613,19565,31178,15759,24630,40389,31783,62681,94464,4377,13932,18309
2021-04-02,134526,285142,419668,10139,23982,34121,22058,50022,72080,19475,47547,67022,15829,37323,53152,11628,19591,31219,18926,29281,48207,32056,63293,95349,4415,14103,18518
2021-04-03,138279,291226,429505,10140,23990,34130,22063,50026,72089,19484,47554,67038,15837,37330,53167,11637,19602,31239,22506,34922,57428,32163,63585,95748,4449,14217,18666
2021-04-04,139385,292974,432359,10140,23990,34130,22064,50027,72091,19486,47561,67047,15841,37334,53175,11655,19618,31273,23577,36614,60191,32168,63602,95770,4454,14228,18682
2021-04-05,145465,302787,448252,10227,24120,34347,22139,50229,72368,19563,47771,67334,15923,37533,53456,11792,19814,31606,29038,45131,74169,32297,63866,96163,4486,14323,18809
2021-04-06,152311,313820,466131,10332,24270,34602,22264,50459,72723,19633,47923,67556,15986,37656,53642,11905,19999,31904,35147,54683,89830,32514,64354,96868,4530,14476,19006
2021-04-07,159876,325742,485618,10424,24391,34815,22389,50726,73115,19708,48097,67805,16065,37798,53863,12558,20811,33369,41280,64184,105464,32859,65082,97941,4593,14653,19246
2021-04-08,168364,337851,506215,10588,24556,35144,22599,50999,73598,19811,48256,68067,16150,37968,54118,14085,23045,37130,47501,72994,120495,33013,65302,98315,4617,14731,19348
2021-04-09,175716,349142,524858,10716,24806,35522,22823,51387,74210,19934,48515,68449,16240,38155,54395,15427,24902,40329,52768,80871,133639,33160,65636,98796,4648,14870,19518
2021-04-10,178821,353907,532728,10765,24914,35679,22887,51538,74425,20011,48636,68647,16294,38277,54571,16083,25909,41992,54912,84043,138955,33214,65690,98904,4655,14900,19555
2021-04-11,181734,358529,540263,10813,25022,35835,22984,51720,74704,20064,48799,68863,16359,38443,54802,16682,26819,43501,56930,87043,143973,33243,65752,98995,4659,14931,19590
2021-04-12,189852,371064,560916,10944,25265,36209,23165,52072,75237,20180,49027,69207,16468,38639,55107,18295,29127,47422,62784,95970,158754,33333,65952,99285,4683,15012,19695
2021-04-13,197532,382850,580382,11150,25453,36603,23396,52409,75805,20400,49261,69661,16662,39012,55674,20262,32545,52807,67503,102847,170350,33456,66214,99670,4703,15109,19812
2021-04-14,204135,392658,596793,11383,25529,36912,23578,52575,76153,20556,49447,70003,16728,39080,55808,21078,33571,54649,71342,108780,180122,34626,68168,102794,4844,15508,20352
2021-04-15,207421,398373,605794,11520,25575,37095,23679,52616,76295,20636,49471,70107,16770,39127,55897,22372,36388,58760,72872,111270,184142,34709,68363,103072,4863,15563,20426
2021-04-16,211226,404116,615342,11620,25608,37228,23727,52643,76370,20678,49495,70173,16786,39145,55931,23003,37227,60230,75457,115120,190577,35029,69122,104151,4926,15756,20682
2021-04-17,211544,404604,616148,11636,25622,37258,23752,52660,76412,20715,49528,70243,16823,39176,55999,23046,37267,60313,75597,115392,190989,35047,69179,104226,4928,15780,20708
2021-04-18,211692,404766,616458,11652,25628,37280,23774,52676,76450,20745,49561,70306,16866,39205,56071,23055,37284,60339,75612,115409,191021,35056,69208,104264,4932,15795,20727
2021-04-19,215740,411132,626872,11811,25658,37469,23838,52689,76527,20795,49578,70373,16881,39217,56098,23547,37963,61510,78419,119806,198225,35452,70188,105640,4997,16033,21030
2021-04-20,221910,421728,643638,11974,25721,37695,23919,52758,76677,20862,49665,70527,17334,40278,57612,26565,42898,69463,80025,122251,202276,36036,71528,107564,5195,16629,21824
2021-04-21,230325,433822,664147,12058,25767,37825,23968,52803,76771,20909,49710,70619,17419,40493,57912,34324,53834,88158,80356,122875,203231,36083,71655,107738,5208,16685,21893
2021-04-22,240396,447760,688156,12105,25814,37919,24007,52849,76856,20941,49762,70703,17461,40561,58022,43786,66811,110597,80727,123467,204194,36152,71779,107931,5217,16717,21934
2021-04-23,250598,460968,711566,12131,25861,37992,24054,52904,76958,20992,49837,70829,17531,40637,58168,53518,79165,132683,80945,123858,204803,36202,71921,108123,5225,16785,22010
2021-04-24,253514,464486,718000,12136,25870,38006,24059,52912,76971,21007,49853,70860,17549,40659,58208,56137,82357,138494,81160,124046,205206,36231,71984,108215,5235,16805,22040
2021-04-25,253595,464610,718205,12138,25872,38010,24063,52915,76978,21012,49865,70877,17558,40666,58224,56194,82436,138630,81162,124055,205217,36231,71992,108223,5237,16809,22046
2021-04-26,255101,466993,722094,12152,25877,38029,24075,52929,77004,21021,49875,70896,17563,40682,58245,57511,84450,141961,81290,124277,205567,36246,72068,108314,5243,16835,22078
2021-04-27,256488,469856,726344,12228,25949,38177,24124,53021,77145,21064,49942,71006,17597,40740,58337,58414,86122,144536,81521,124999,206520,36291,72211,108502,5249,16872,22121
2021-04-28,263559,485908,749467,12953,27785,40738,25675,57335,83010,22352,53795,76147,18613,43699,62312,60661,88758,149419,81725,125321,207046,36325,72307,108632,5255,16908,22163
2021-04-29,270102,499079,769181,13406,29108,42514,26753,60535,87288,23386,56793,80179,19477,46063,65540,63400,91436,154836,82022,125697,207719,36383,72473,108856,5275,16974,22249
2021-04-30,271432,501069,772501,13477,29233,42710,26849,60712,87561,23435,56889,80324,19510,46137,65647,64233,92550,156783,82223,125978,208201,36419,72554,108973,5286,17016,22302
2021-05-01,271971,502145,774116,13490,29264,42754,26909,60815,87724,23458,56950,80408,19533,46179,65712,64544,93143,157687,82314,126136,208450,36435,72613,109048,5288,17045,22333
2021-05-02,276276,511994,788270,13798,30206,44004,27724,62988,90712,24271,59025,83296,20174,47804,67978,65037,94194,159231,83505,127979,211484,36473,72712,109185,5294,17086,22380
2021-05-03,284483,523548,808031,13854,30311,44165,27827,63153,90980,24323,59114,83437,20997,48966,69963,69930,100693,170623,85686,131268,216954,36555,72897,109452,5311,17146,22457
2021-05-04,296052,537839,833891,13946,30436,44382,27924,63330,91254,24371,59213,83584,22975,51437,74412,78961,111678,190639,85953,131583,217536,36598,72975,109573,5324,17187,22511
2021-05-05,306708,553177,859885,14068,30625,44693,28137,63521,91658,24601,59350,83951,23549,52107,75656,82076,116308,198384,92050,140328,232378,36865,73600,110465,5362,17338,22700
2021-05-06,310330,558546,868876,14178,30725,44903,28292,63638,91930,24800,59406,84206,23972,52534,76506,83732,119040,202772,93041,142114,235155,36933,73714,110647,5382,17375,22757
2021-05-07,318300,571658,889958,14314,31013,45327,28520,64157,92677,24997,59792,84789,24230,53043,77273,85117,121853,206970,98668,150392,249060,37048,73945,110993,5406,17463,22869
2021-05-08,320692,586969,907661,14497,32629,47126,28990,67660,96650,25503,64399,89902,24795,56682,81477,85693,123643,209336,98736,150486,249222,37062,73985,111047,5416,17485,22901
2021-05-09,320830,587195,908025,14497,32629,47126,28990,67660,96650,25504,64399,89903,24817,56694,81511,85764,123723,209487,98750,150508,249258,37084,74050,111134,5424,17532,22956
2021-05-10,321660,589713,911373,14523,32671,47194,29021,67714,96735,25532,64443,89975,24966,56946,81912,86081,125143,211224,98948,150970,249918,37149,74220,111369,5440,17606,23046
2021-05-11,324953,593646,918599,14544,32707,47251,29052,67775,96827,25565,64498,90063,25595,57691,83286,88478,127831,216309,99079,151157,250236,37186,74323,111509,5454,17664,23118
2021-05-12,328520,598067,926587,14579,32741,47320,29098,67837,96935,25608,64561,90169,26278,58487,84765,90966,130628,221594,99249,151533,250782,37272,74527,111799,5470,17753,23223
2021-05-13,331423,603477,934900,14636,32849,47485,29194,68073,97267,25687,64722,90409,26459,58803,85262,91854,132343,224197,100745,154053,254798,37360,74778,112138,5488,17856,23344
2021-05-14,332761,606546,939307,14691,32949,47640,29286,68262,97548,25762,64859,90621,26628,59040,85668,92442,133817,226259,101032,154714,255746,37414,74960,112374,5506,17945,23451
2021-05-15,339176,611721,950897,14711,32992,47703,29324,68330,97654,25793,64908,90701,27825,60245,88070,97436,137277,234713,101128,154888,256016,37444,75082,112526,5515,17999,23514
2021-05-16,340049,614030,954079,14769,33184,47953,29532,69031,98563,26046,65618,91664,28002,60646,88648,97565,137432,234997,101153,154930,256083,37457,75157,112614,5525,18032,23557
2021-05-17,344331,618372,962703,14822,33274,48096,29705,69452,99157,26153,65909,92062,28842,61427,90269,100385,139634,240019,101385,155314,256699,37498,75270,112768,5541,18092,23633
2021-05-18,348902,622287,971189,14851,33327,48178,29768,69529,99297,26216,65991,92207,29705,62273,91978,103801,142150,245951,101485,155513,256998,37526,75366,112892,5550,18138,23688
2021-05-19,352360,625636,977996,14892,33428,48320,29879,69744,99623,26262,66108,92370,30337,62912,93249,106247,143966,250213,101622,155841,257463,37561,75458,113019,5560,18179,23739
2021-05-20,362935,637595,1000530,14964,33573,48537,30029,69984,100013,26350,66288,92638,33263,66227,99490,112838,150471,263309,102198,156867,259065,37708,75898,113606,5585,18287,23872
2021-05-21,365086,641991,1007077,15069,33834,48903,30218,70532,100750,26458,66688,93146,33360,66574,99934,113288,151304,264592,103317,158661,261978,37783,76057,113840,5593,18341,23934
2021-05-22,366611,644118,1010729,15122,33910,49032,30260,70594,100854,26481,66751,93232,33568,66835,100403,114256,152537,266793,103512,159003,262515,37814,76127,113941,5598,18361,23959
2021-05-23,368987,646481,1015468,15147,33956,49103,30286,70661,100947,26506,66792,93298,34575,67925,102500,115442,153420,268862,103592,159157,262749,37834,76192,114026,5605,18378,23983
2021-05-24,369681,648055,1017736,15184,34038,49222,30352,70794,101146,26545,66893,93438,34799,68165,102964,115714,154301,270015,103643,159261,262904,37839,76217,114056,5605,18386,23991
2021-05-25,374295,656549,1030844,15194,34061,49255,30359,70810,101169,26547,66910,93457,34978,68337,103315,115992,155043,271035,104122,160098,264220,41092,81927,123019,6011,19363,25374
2021-05-26,376571,659960,1036531,15228,34110,49338,30403,70891,101294,26583,66982,93565,36050,69302,105352,116191,155379,271570,104289,160413,264702,41712,83243,124955,6115,19640,25755
2021-05-27,385921,674990,1060911,15290,34228,49518,30500,71055,101555,26677,67145,93822,38732,71757,110489,116476,155588,272064,104980,161609,266589,46556,92358,138914,6710,21250,27960
2021-05-28,396450,689870,1086320,15397,34385,49782,30674,71299,101973,26970,67415,94385,44525,78533,123058,116707,155829,272536,105500,162427,267927,49586,97722,147308,7091,22260,29351
2021-05-29,405422,698220,1103642,15401,34393,49794,30684,71311,101995,27601,67889,95490,52288,85462,137750,116897,156060,272957,105577,162557,268134,49849,98212,148061,7125,22336,29461
2021-05-30,413737,705784,1119521,15408,34403,49811,30691,71321,102012,29377,69432,98809,58669,91299,149968,116981,156138,273119,105600,162585,268185,49880,98259,148139,7131,22347,29478
2021-05-31,425290,721158,1146448,15503,34581,50084,30855,71607,102462,35732,75490,111222,62071,96821,158892,117594,157008,274602,105788,162952,268740,50516,99967,150483,7231,22732,29963
2021-06-01,436415,733763,1170178,15698,34837,50535,31456,72025,103481,42795,82865,125660,64259,99343,163602,117710,157181,274891,105950,163230,269180,51251,101263,152514,7296,23019,30315
2021-06-02,445478,746632,1192110,16316,35490,51806,33162,74626,107788,46810,88155,134965,66285,101942,168227,117875,157411,275286,106079,163448,269527,51584,102218,153802,7367,23342,30709
2021-06-03,458145,766130,1224275,19336,40524,59860,38393,82592,120985,50075,92560,142635,66862,102789,169651,118031,157626,275657,106169,163641,269810,51862,102858,154720,7417,23540,30957
2021-06-04,471376,782406,1253782,22301,44113,66414,43165,87336,130501,53027,96774,149801,67878,104183,172061,119084,158793,277877,106472,164171,270643,51996,103349,155345,7453,23687,31140
2021-06-05,482291,792672,1274963,24969,46490,71459,47946,91272,139218,54870,98503,153373,68560,104881,173441,119739,159533,279272,106619,164454,271073,52103,103713,155816,7485,23826,31311
2021-06-06,490695,802471,1293166,28011,50519,78530,51741,95367,147108,55791,99235,155026,68983,105257,174240,119815,159614,279429,106676,164585,271261,52171,103923,156094,7507,23971,31478
2021-06-07,504332,816638,1320970,31097,53875,84972,55043,98115,153158,59082,102377,161459,72317,109150,181467,120196,160015,280211,106799,164806,271605,52258,104187,156445,7540,24113,31653
2021-06-08,516974,833671,1350645,32105,55363,87468,56402,100155,156557,60556,104430,164986,80398,119088,199486,120344,160212,280556,106991,165135,272126,52581,104908,157489,7597,24380,31977
2021-06-09,529566,846815,1376381,32441,55700,88141,57052,100828,157880,61261,104989,166250,91104,130191,221295,120438,160342,280780,107046,165222,272268,52613,105054,157667,7611,24489,32100
2021-06-10,543841,861770,1405611,33205,56562,89767,58105,102038,160143,63179,106996,170175,101206,140286,241492,120729,160716,281445,107133,165379,272512,52654,105216,157870,7630,24577,32207
2021-06-11,553608,877604,1431212,33404,56798,90202,58574,102345,160919,63928,107658,171586,102588,141783,244371,120865,160957,281822,108062,166835,274897,58015,115061,173076,8172,26167,34339
2021-06-12,559939,885463,1445402,33842,57392,91234,59184,103142,162326,65281,109212,174493,105675,144811,250486,120913,161040,281953,108207,167130,275337,58585,116245,174830,8252,26491,34743
2021-06-13,564051,889863,1453914,34044,57647,91691,59467,103472,162939,66189,110175,176364,108312,147535,255847,120950,161080,282030,108219,167149,275368,58612,116305,174917,8258,26500,34758
2021-06-14,570151,896550,1466701,34792,58501,93293,60499,104542,165041,67540,111525,179065,110971,150357,261328,120998,161147,282145,108259,167244,275503,58810,116644,175454,8282,26590,34872
2021-06-15,584108,910221,1494329,34911,58680,93591,60704,104828,165532,67973,111980,179953,123512,161975,285487,121214,161371,282585,108403,167553,275956,59070,117126,176196,8321,26708,35029
2021-06-16,591714,920478,1512192,35333,59311,94644,61540,105884,167424,69764,114091,183855,125564,164218,289782,121375,161588,282963,110297,170313,280610,59447,118048,177495,8394,27025,35419
2021-06-17,603275,934762,1538037,35529,59597,95126,61978,106324,168302,72748,117317,190065,129753,168521,298274,121903,162271,284174,113051,174373,287424,59840,119002,178842,8473,27357,35830
2021-06-18,617719,949975,1567694,36191,60423,96614,63044,107444,170488,81173,125343,206516,132965,171812,304777,122305,162815,285120,113540,175170,288710,59999,119441,179440,8502,27527,36029
2021-06-19,628352,961549,1589901,36405,60724,97129,63191,107693,170884,89477,133785,223262,134430,173248,307678,122557,163099,285656,113644,175385,289029,60114,119860,179974,8534,27755,36289
2021-06-20,628357,961554,1589911,36405,60726,97131,63193,107693,170886,89478,133787,223265,134431,173248,307679,122557,163100,285657,113645,175385,289030,60114,119860,179974,8534,27755,36289
2021-06-21,634384,967678,1602062,36429,60749,97178,63233,107750,170983,94536,138797,233333,135086,173872,308958,122714,163290,286004,113713,175478,289191,60133,119950,180083,8540,27792,36332
2021-06-22,639490,972884,1612374,36586,61007,97593,63448,108035,171483,96886,141016,237902,136818,175379,312197,123159,163776,286935,113860,175689,289549,60175,120110,180285,8558,27872,36430
2021-06-23,649096,982508,1631604,36727,61248,97975,63638,108398,172036,104779,148578,253357,137924,176305,314229,123300,163999,287299,113927,175807,289734,60229,120241,180470,8572,27932,36504
2021-06-24,664516,1001977,1666493,36933,61657,98590,64281,112572,176853,117873,161601,279474,139004,177492,316496,123532,164314,287846,114055,176022,290077,60261,120348,180609,8577,27971,36548
2021-06-25,677426,1020775,1698201,37336,62845,100181,65002,115615,180617,122710,166540,289250,139972,178609,318581,128109,170532,298641,115231,177670,292901,60453,120853,181306,8613,28111,36724
2021-06-26,686749,1032801,1719550,37374,62887,100261,65041,115668,180709,123554,167379,290933,140538,179309,319847,134964,179266,314230,116025,178885,294910,60612,121195,181807,8641,28212,36853
2021-06-27,694913,1041818,1736731,37439,62996,100435,65120,115810,180930,127081,170978,298059,143326,182126,325452,136014,180500,316514,116575,179712,296287,60699,121436,182135,8659,28260,36919
2021-06-28,712213,1061558,1773771,38137,64667,102804,65730,118229,183959,140921,183887,324808,144584,183411,327995,136712,181515,318227,116720,179971,296691,60739,121545,182284,8670,28333,37003
2021-06-29,730484,1080240,1810724,38338,65023,103361,66191,119052,185243,156695,198812,355507,145340,184200,329540,137425,182564,319989,116963,180394,297357,60848,121779,182627,8684,28416,37100
2021-06-30,750081,1099564,1849645,38498,65228,103726,71352,123960,195312,168970,210481,379451,146020,184859,330879,138595,184094,322689,117068,180586,297654,60884,121874,182758,8694,28482,37176
2021-07-01,762857,1112986,1875843,38611,65452,104063,76171,128726,204897,174525,215727,390252,146979,185918,332897,139403,185194,324597,117425,181162,298587,61023,122202,183225,8720,28605,37325
2021-07-02,772730,1131298,1904028,39200,66643,105843,78523,132494,211017,176048,217469,393517,147334,186443,333777,140231,186580,326811,118074,182366,300440,64125,129083,193208,9195,30220,39415
2021-07-03,783672,1143621,1927293,39223,66686,105909,84577,137823,222400,178603,220200,398803,147835,187017,334852,140645,187120,327765,118412,182995,301407,65054,131060,196114,9323,30720,40043
2021-07-04,794112,1153961,1948073,39738,67531,107269,93775,146276,240051,179011,220670,399681,147969,187141,335110,140734,187251,327985,118469,183075,301544,65082,131214,196296,9334,30803,40137
2021-07-05,799176,1159471,1958647,40005,67937,107942,97306,149288,246594,179260,220956,400216,148107,187274,335381,141053,187713,328766,118707,183485,302192,65361,131823,197184,9377,30995,40372
2021-07-06,812197,1171647,1983844,40430,68603,109033,108932,159141,268073,179534,221284,400818,148296,187520,335816,141235,187925,329160,118810,183704,302514,65547,132315,197862,9413,31155,40568
2021-07-07,817871,1177957,1995828,40592,68760,109352,112884,162726,275610,180212,222214,402426,148551,187922,336473,141383,188146,329529,118961,184015,302976,65828,132864,198692,9460,31310,40770
2021-07-08,836713,1194265,2030978,40961,69293,110254,127935,175037,302972,182505,224284,406789,149267,188656,337923,141665,188506,330171,119031,184142,303173,65874,132996,198870,9475,31351,40826
2021-07-09,849573,1207302,2056875,41637,70019,111656,136627,183274,319901,184723,226484,411207,150108,189493,339601,141933,188922,330855,119170,184664,303834,65896,133074,198970,9479,31372,40851
2021-07-10,860368,1218771,2079139,43098,71781,114879,144592,191103,335695,185106,226915,412021,150287,189725,340012,142397,189471,331868,119425,185087,304512,65973,133267,199240,9490,31422,40912
2021-07-11,862522,1222431,2084953,43356,72144,115500,145660,192393,338053,185267,227297,412564,150359,189926,340285,142421,189511,331932,119537,185293,304830,66379,134229,200608,9543,31638,41181
2021-07-12,880488,1238431,2118919,46406,75092,121498,159639,204144,363783,185708,227830,413538,150590,190201,340791,142528,189683,332211,119597,185420,305017,66460,134376,200836,9560,31685,41245
2021-07-13,890811,1247213,2138024,48190,76728,124918,166992,210136,377128,186462,228463,414925,150863,190479,341342,142627,189786,332413,119637,185485,305122,66474,134421,200895,9566,31715,41281
2021-07-14,894291,1250527,2144818,48825,77446,126271,169275,212042,381317,186769,228831,415600,151024,190645,341669,142683,189849,332532,119654,185532,305186,66489,134448,200937,9572,31734,41306
2021-07-15,908298,1270192,2178490,49249,78157,127406,170562,214415,384977,193648,235893,429541,152228,193005,345233,143397,190992,334389,122224,189312,311536,67295,136223,203518,9695,32195,41890
2021-07-16,922148,1289938,2212086,49591,78580,128171,171584,217404,388988,200920,243953,444873,152724,193682,346406,143549,191190,334739,126311,195363,321674,67703,137290,204993,9766,32476,42242
2021-07-17,934348,1303391,2237739,50998,80327,131325,176720,222802,399522,205178,248429,453607,153504,194533,348037,143796,191453,335249,126604,195867,322471,67767,137460,205227,9781,32520,42301
2021-07-18,945563,1315362,2260925,53999,84116,138115,179624,225438,405062,208795,252047,460842,154944,195990,350934,143963,191688,335651,126668,196005,322673,67786,137537,205323,9784,32541,42325
2021-07-19,962204,1333320,2295524,56687,87417,144104,181091,228002,409093,219644,262058,481702,156046,197091,353137,144164,191912,336076,126800,196218,323018,67940,137963,205903,9832,32659,42491
2021-07-20,980684,1352993,2333677,64127,95907,160034,183616,230897,414513,226988,268792,495780,156768,197861,354629,144356,192148,336504,126955,196515,323470,68024,138155,206179,9850,32718,42568
2021-07-21,999301,1371846,2371147,78086,109957,188043,186939,234207,421146,227675,269510,497185,157103,198183,355286,144512,192301,336813,127081,196741,323822,68048,138205,206253,9857,32742,42599
2021-07-22,1018333,1389302,2407635,91087,121599,212686,191024,237808,428832,228848,270673,499521,157605,198794,356399,144676,192533,337209,127150,196835,323985,68077,138282,206359,9866,32778,42644
2021-07-23,1033853,1406874,2440727,97045,128729,225774,193830,240704,434534,234505,276718,511223,158392,199741,358133,144875,192834,337709,127229,196967,324196,68108,138368,206476,9869,32813,42682
2021-07-24,1048110,1421494,2469604,97783,129704,227487,194320,241160,435480,240173,282180,522353,165321,206824,372145,145132,193151,338283,127321,197087,324408,68185,138525,206710,9875,32863,42738
2021-07-25,1059707,1435342,2495049,104687,138799,243486,197245,243929,441174,241074,283213,524287,165942,207446,373388,145325,193357,338682,127355,197144,324499,68200,138565,206765,9879,32889,42768
2021-07-26,1077282,1457203,2534485,110236,145802,256038,201679,249623,451302,245662,288617,534279,168361,210184,378545,145694,193868,339562,127501,197455,324956,68262,138712,206974,9887,32942,42829
2021-07-27,1092526,1476007,2568533,117316,154084,271400,204659,253464,458123,248468,292223,540691,169601,211664,381265,146495,194764,341259,127735,197856,325591,68346,138956,207302,9906,32996,42902
2021-07-28,1110310,1496483,2606793,132590,171248,303838,205936,254953,460889,249196,293252,542448,169916,212133,382049,146624,194937,341561,127769,197939,325708,68364,139003,207367,9915,33018,42933
2021-07-29,1129323,1514712,2644035,147780,185497,333277,207947,256833,464780,250266,294481,544747,170401,212660,383061,146792,195115,341907,127834,198016,325850,68381,139055,207436,9922,33055,42977
2021-07-30,1145911,1531090,2677001,153571,190837,344408,214011,262717,476728,253628,297943,551571,171444,213826,385270,147022,195399,342421,127894,198159,326053,68415,139112,207527,9926,33097,43023
2021-07-31,1160398,1542314,2702712,155195,192555,347750,221696,269351,491047,257906,299962,557868,172074,214319,386393,147217,195590,342807,127943,198237,326180,68435,139173,207608,9932,33127,43059
2021-08-01,1166762,1550087,2716849,156622,194451,351073,224522,272847,497369,259286,301393,560679,172554,214866,387420,147402,195824,343226,127990,198332,326322,68451,139222,207673,9935,33152,43087
2021-08-02,1185387,1568167,2753554,159583,197793,357376,235668,282716,518384,262867,305098,567965,173240,215618,388858,147574,196056,343630,128047,198436,326483,68467,139278,207745,9941,33172,43113
2021-08-03,1201838,1583531,2785369,167642,205128,372770,238640,285407,524047,265447,307289,572736,175715,218321,394036,147862,196331,344193,128102,198525,326627,68482,139334,207816,9948,33196,43144
2021-08-04,1214794,1598779,2813573,169625,207683,377308,241378,288269,529647,267062,309299,576361,182058,225745,407803,148048,196567,344615,128170,198621,326791,68502,139381,207883,9951,33214,43165
2021-08-05,1223956,1607724,2831680,173332,211165,384497,244981,291662,536643,268330,310585,578915,182480,226241,408721,148172,196721,344893,128197,198707,326904,68512,139411,207923,9952,33232,43184
2021-08-06,1228408,1613096,2841504,174000,211951,385951,245847,292446,538293,268698,310934,579632,182687,226488,409175,149285,198194,347479,129396,200368,329764,68539,139467,208006,9956,33248,43204
2021-08-07,1238661,1627541,2866202,175094,212852,387946,245908,292514,538422,268743,311000,579743,182747,226549,409296,150589,200074,350663,136981,211614,348595,68628,139644,208272,9971,33294,43265
2021-08-08,1247759,1640507,2888266,175102,212868,387970,245920,292531,538451,268753,311016,579769,182775,226611,409386,155885,207325,363210,140597,216969,357566,68738,139855,208593,9989,33332,43321
2021-08-09,1262042,1660187,2922229,175238,213026,388264,246132,292746,538878,268925,311251,580176,183819,228142,411961,166501,221917,388418,142595,219655,362250,68831,140073,208904,10001,33377,43378
2021-08-10,1276421,1679212,2955633,175590,213445,389035,246630,293273,539903,270106,312087,582193,185171,229946,415117,173788,231735,405523,146164,224978,371142,68951,140316,209267,10021,33432,43453
2021-08-11,1291445,1695863,2987308,176914,214562,391476,246918,293721,540639,270410,312515,582925,187600,232575,420175,182635,240829,423464,147853,227629,375482,69078,140545,209623,10037,33487,43524
2021-08-12,1301108,1708807,3009915,177296,214993,392289,247174,294008,541182,270638,312791,583429,189409,234849,424258,186368,245147,431515,150963,232623,383586,69198,140841,210039,10062,33555,43617
2021-08-13,1314214,1727025,3041239,177413,215122,392535,247361,294190,541551,270785,312984,583769,189784,235300,425084,191983,252138,444121,157281,241988,399269,69497,141567,211064,10110,33736,43846
2021-08-14,1322646,1739751,3062397,177501,215254,392755,247513,294407,541920,270946,313296,584242,191383,237480,428863,197530,260322,457852,158065,243383,401448,69580,141811,211391,10128,33798,43926
2021-08-15,1334295,1752369,3086664,177966,215810,393776,248309,295373,543682,272360,314717,587077,198122,244508,442630,199232,261952,461184,158502,244140,402642,69658,142003,211661,10146,33866,44012
2021-08-16,1343694,1764285,3107979,179384,217399,396783,249449,296625,546074,274871,317652,592523,200037,246864,446901,200333,263367,463700,159656,246063,405719,69789,142355,212144,10175,33960,44135
2021-08-17,1359879,1778322,3138201,186948,224046,410994,255705,302089,557794,276253,318872,595125,200828,247281,448109,200472,263545,464017,159690,246128,405818,69803,142395,212198,10180,33966,44146
2021-08-18,1371361,1790676,3162037,191808,228646,420454,257119,303845,560964,277451,320247,597698,202585,249156,451741,202177,265257,467434,160162,246958,407120,69870,142558,212428,10189,34009,44198
2021-08-19,1377369,1796910,3174279,194227,230943,425170,257930,304642,562572,277925,320830,598755,204033,250552,454585,202762,265912,468674,160393,247367,407760,69905,142634,212539,10194,34030,44224
2021-08-20,1390636,1809282,3199918,196725,233508,430233,259452,305798,565250,279144,321832,600976,211762,257735,469497,202970,266163,469133,160462,247518,407980,69924,142686,212610,10197,34042,44239
2021-08-21,1400012,1821443,3221455,198312,235625,433937,261714,309142,570856,281342,324770,606112,214602,260830,475432,203346,266584,469930,160550,247674,408224,69944,142754,212698,10202,34064,44266
2021-08-22,1409932,1832666,3242598,199849,237572,437421,266963,314631,581594,283081,326881,609962,215565,261950,477515,203694,267001,470695,160618,247782,408400,69958,142783,212741,10204,34066,44270
2021-08-23,1427270,1848371,3275641,207207,244509,451716,274684,320929,595613,284399,328223,612622,216240,262670,478910,203900,267252,471152,160664,247882,408546,69971,142822,212793,10205,34084,44289
2021-08-24,1439740,1861588,3301328,216201,253757,469958,276601,322735,599336,285200,329174,614374,216783,263432,480215,204068,267528,471596,160700,247992,408692,69978,142868,212846,10209,34102,44311
2021-08-25,1455482,1877410,3332892,218565,256166,474731,277775,324276,602051,291969,335575,627544,221674,268174,489848,204475,267996,472471,160803,248143,408946,70007,142949,212956,10214,34131,44345
2021-08-26,1470655,1895113,3365768,220475,258651,479126,278703,325588,604291,292552,336410,628962,225418,271856,497274,211196,274893,486089,161917,250096,412013,70147,143377,213524,10247,34242,44489
2021-08-27,1489140,1913194,3402334,231412,269472,500884,282098,328346,610444,293559,337444,631003,227857,274377,502234,211753,275551,487304,162034,250288,412322,70175,143448,213623,10252,34268,44520
2021-08-28,1500234,1926534,3426768,239607,279962,519569,283752,329793,613545,294339,338163,632502,228192,274822,503014,211837,275664,487501,162070,250378,412448,70183,143478,213661,10254,34274,44528
2021-08-29,1511728,1939385,3451113,240581,281233,521814,284305,330505,614810,296366,340276,636642,235637,282858,518495,212159,276080,488239,162191,250610,412801,70230,143536,213766,10259,34287,44546
2021-08-30,1527767,1956199,3483966,244620,284918,529538,286675,332817,619492,299549,343262,642811,239549,286821,526370,213815,278206,492021,162941,251915,414856,70346,143882,214228,10272,34378,44650
2021-08-31,1543467,1973638,3517105,255782,297647,553429,288711,334682,623393,301146,344925,646071,240191,287549,527740,213990,278469,492459,163007,252030,415037,70363,143938,214301,10277,34398,44675
2021-09-01,1559530,1990782,3550312,270244,312038,582282,289319,335339,624658,301529,345440,646969,240461,288022,528483,214226,279208,493434,163096,252318,415414,70377,144008,214385,10278,34409,44687
2021-09-02,1575509,2009864,3585373,279968,321769,601737,290862,337712,628574,304186,349298,653484,241976,290349,532325,214589,279707,494296,163250,252534,415784,70397,144077,214474,10281,34418,44699
2021-09-03,1590226,2027099,3617325,286063,327907,613970,292501,339458,631959,308524,355060,663584,243600,292502,536102,215414,280762,496176,163413,252818,416231,70427,144150,214577,10284,34442,44726
2021-09-04,1602390,2039160,3641550,289360,331215,620575,295943,342640,638583,313260,359827,673087,244129,293035,537164,215529,280926,496455,163451,252888,416339,70433,144183,214616,10285,34446,44731
2021-09-05,1614655,2051298,3665953,290620,332555,623175,298366,344947,643313,320912,367351,688263,244892,293767,538659,215652,281100,496752,163489,252926,416415,70438,144200,214638,10286,34452,44738
2021-09-06,1630949,2067311,3698260,292211,334053,626264,299032,345698,644730,331793,378127,709920,247509,296026,543535,216069,281608,497677,163583,253072,416655,70458,144262,214720,10294,34465,44759
2021-09-07,1649149,2087539,3736688,293177,335426,628603,300712,348226,648938,339931,385763,725694,251172,299855,551027,219034,285063,504097,164247,254104,418351,70555,144570,215125,10321,34532,44853
2021-09-08,1659684,2098128,3757812,295688,337628,633316,303403,350753,654156,342966,388916,731882,252639,301456,554095,219657,285730,505387,164414,254382,418796,70591,144692,215283,10326,34571,44897
2021-09-09,1674909,2113183,3788092,298159,340243,638402,312627,359194,671821,345155,391306,736461,253702,302628,556330,219871,285994,505865,164462,254476,418938,70604,144759,215363,10329,34583,44912
2021-09-10,1679961,2118623,3798584,300437,342421,642858,313411,360155,673566,345542,391733,737275,254896,303937,558833,220201,286398,506599,164523,254597,419120,70620,144795,215415,10331,34587,44918
2021-09-11,1683358,2121890,3805248,301122,343105,644227,315070,361553,676623,345800,392030,737830,255587,304695,560282,220275,286478,506753,164551,254629,419180,70622,144810,215432,10331,34590,44921
2021-09-12,1684220,2122870,3807090,301339,343388,644727,315415,361887,677302,345986,392246,738232,255678,304807,560485,220293,286498,506791,164556,254641,419197,70622,144812,215434,10331,34591,44922
2021-09-13,1691620,2130144,3821764,305702,347907,653609,318056,364198,682254,346193,392471,738664,255795,304930,560725,220332,286535,506867,164574,254664,419238,70631,144837,215468,10337,34602,44939
2021-09-14,1698105,2137735,3835840,306193,348503,654696,318469,364667,683136,346583,392920,739503,260052,309453,569505,221084,287784,508868,164728,254882,419610,70656,144902,215558,10340,34624,44964
2021-09-15,1715703,2157682,3873385,307331,350086,657417,320113,366978,687091,349977,396788,746765,268762,318301,587063,223473,290533,514006,164962,255293,420255,70727,145040,215767,10358,34663,45021
2021-09-16,1732360,2176669,3909029,309721,353489,663210,329710,377100,706810,352382,399376,751758,270124,319977,590101,224199,291364,515563,165094,255542,420636,70764,145135,215899,10366,34686,45052
2021-09-17,1746373,2190894,3937267,318154,362071,680225,332853,380023,712876,353686,400709,754395,270921,320850,591771,224430,291665,516095,165173,255669,420842,70785,145202,215987,10371,34705,45076
2021-09-18,1758595,2204090,3962685,326769,371057,697826,334974,382227,717201,354597,401848,756445,271372,321451,592823,224526,291838,516364,165191,255729,420920,70793,145230,216023,10373,34710,45083
2021-09-19,1767779,2213431,3981210,332075,376141,708216,337101,384372,721473,355633,402993,758626,271885,322012,593897,224657,292027,516684,165244,255867,421111,70810,145293,216103,10374,34726,45100
2021-09-20,1774990,2220364,3995354,335526,379460,714986,339308,386242,725550,356491,403906,760397,272315,322465,594780,224832,292231,517063,165321,255993,421314,70820,145333,216153,10377,34734,45111
2021-09-21,1787375,2231901,4019276,345564,388758,734322,340659,387325,727984,357043,404450,761493,272607,322814,595421,224939,292399,517338,165352,256054,421406,70831,145356,216187,10380,34745,45125
2021-09-22,1796033,2239742,4035775,351127,393637,744764,342669,388959,731628,357622,405050,762672,272900,323177,596077,225071,292568,517639,165413,256181,421594,70847,145403,216250,10384,34767,45151
2021-09-23,1801866,2245704,4047570,355088,397709,752797,343748,389925,733673,358072,405514,763586,273134,323446,596580,225128,292665,517793,165454,256237,421691,70858,145433,216291,10384,34775,45159
2021-09-24,1807634,2251632,4059266,358061,400758,758819,344980,391155,736135,359055,406453,765508,273561,323888,597449,225230,292809,518039,165493,256307,421800,70868,145471,216339,10386,34791,45177
2021-09-25,1811314,2254704,4066018,359190,401692,760882,346306,391996,738302,359629,407065,766694,274061,324423,598484,225354,292917,518271,165511,256334,421845,70876,145482,216358,10387,34795,45182
2021-09-26,1823601,2265948,4089549,359873,402456,762329,347927,393661,741588,364698,411513,776211,278591,328241,606832,225671,293290,518961,165564,256441,422005,70888,145541,216429,10389,34805,45194
2021-09-27,1835563,2277003,4112566,361760,404709,766469,353378,398419,751797,367878,414179,782057,279778,329209,608987,225859,293537,519396,165610,256528,422138,70910,145597,216507,10390,34825,45215
2021-09-28,1849663,2291022,4140685,362773,405674,768447,363099,406695,769794,369131,415602,784733,280579,330158,610737,226415,294310,520725,166212,257653,423865,71048,146006,217054,10406,34924,45330
2021-09-29,1858436,2299653,4158089,365346,408444,773790,367523,410505,778028,370007,416483,786490,281127,330723,611850,226619,294557,521176,166325,257879,424204,71083,146110,217193,10406,34952,45358
2021-09-30,1867013,2309557,4176570,370712,414215,784927,368640,411883,780523,371066,417454,788520,281864,331797,613661,226846,295034,521880,166381,258040,424421,71097,146172,217269,10407,34962,45369
2021-10-01,1872696,2315170,4187866,373637,417237,790874,369896,413121,783017,371921,418166,790087,282356,332219,614575,226966,295162,522128,166411,258096,424507,71102,146201,217303,10407,34968,45375
2021-10-02,1875556,2317975,4193531,374821,418458,793279,370737,413842,784579,372410,418638,791048,282598,332433,615031,227040,295257,522297,166431,258145,424576,71111,146227,217338,10408,34975,45383
2021-10-03,1878756,2320758,4199514,376335,419782,796117,371747,414590,786337,372820,418992,791812,282756,332612,615368,227120,295365,522485,166450,258190,424640,71119,146248,217367,10409,34979,45388
2021-10-04,1884493,2326260,4210753,378840,422116,800956,373608,416165,789773,373548,419713,793261,283167,333075,616242,227281,295621,522902,166504,258288,424792,71132,146289,217421,10413,34993,45406
2021-10-05,1887928,2329621,4217549,380227,423543,803770,374563,416989,791552,374139,420274,794413,283525,333449,616974,227391,295729,523120,166527,258322,424849,71140,146314,217454,10416,35001,45417
2021-10-06,1895139,2336981,4232120,385817,429358,815175,375307,417614,792921,374615,420720,795335,283787,333730,617517,227484,295838,523322,166558,258365,424923,71152,146342,217494,10419,35014,45433
2021-10-07,1898218,2340013,4238231,387141,430519,817660,376160,418406,794566,375029,421159,796188,284115,334115,618230,227609,296002,523611,166585,258422,425007,71155,146367,217522,10424,35023,45447
2021-10-08,1908884,2350472,4259356,387803,431436,819239,382329,423876,806205,376239,422465,798704,285503,335588,621091,228779,297158,525937,166634,258512,425146,71172,146408,217580,10425,35029,45454
2021-10-09,1918714,2360133,4278847,388424,432183,820607,386816,427844,814660,377472,423708,801180,287774,337940,625714,229943,298376,528319,166676,258604,425280,71184,146442,217626,10425,35036,45461
2021-10-10,1925716,2367299,4293015,388864,432805,821669,390399,431158,821557,378257,424599,802856,289109,339297,628406,230766,299267,530033,166701,258665,425366,71194,146466,217660,10426,35042,45468
2021-10-11,1930341,2371821,4302162,391442,435214,826656,391472,432196,823668,378826,425128,803954,289384,339607,628991,230850,299390,530240,166736,258732,425468,71204,146508,217712,10427,35046,45473
2021-10-12,1941283,2382060,4323343,398238,441309,839547,392864,433512,826376,380118,426462,806580,290327,340557,630884,231284,299812,531096,166805,258819,425624,71219,146536,217755,10428,35053,45481
2021-10-13,1957857,2399546,4357403,413404,457157,870561,393304,433985,827289,380555,426928,807483,290680,340997,631677,231428,299991,531419,166824,258856,425680,71231,146562,217793,10431,35070,45501
2021-10-14,1971001,2412584,4383585,423143,466610,889753,395029,435696,830725,381435,427822,809257,291206,341611,632817,231625,300218,531843,166881,258936,425817,71247,146609,217856,10435,35082,45517
2021-10-15,1983958,2425097,4409055,430631,473351,903982,398240,438713,836953,382763,429195,811958,291834,342435,634269,231843,300600,532443,166947,259053,426000,71263,146653,217916,10437,35097,45534
2021-10-16,1992728,2434039,4426767,437011,479628,916639,399536,440039,839575,383393,429934,813327,292143,342785,634928,231961,300752,532713,166977,259117,426094,71270,146676,217946,10437,35108,45545
2021-10-17,1995839,2437607,4433446,439114,481856,920970,399957,440569,840526,383672,430284,813956,292341,343050,635391,232047,300872,532919,166997,259166,426163,71273,146698,217971,10438,35112,45550
2021-10-18,2008033,2449406,4457439,448848,491346,940194,400953,441428,842381,384501,430992,815493,292820,343518,636338,232179,301068,533247,167016,259208,426224,71278,146721,217999,10438,35125,45563
2021-10-19,2017268,2458253,4475521,454638,496901,951539,402503,442774,845277,385524,431981,817505,293354,344074,637428,232472,301385,533857,167049,259265,426314,71289,146739,218028,10439,35134,45573
2021-10-20,2026231,2466845,4493076,461749,503747,965496,403339,443501,846840,386108,432525,818633,293644,344357,638001,232583,301502,534085,167070,259313,426383,71296,146760,218056,10442,35140,45582
2021-10-21,2037047,2478057,4515104,470308,512794,983102,404389,444399,848788,386689,433062,819751,294009,344722,638731,232779,301730,534509,167107,259377,426484,71322,146809,218131,10444,35164,45608
2021-10-22,2050847,2492648,4543495,481225,524119,1005344,405757,445786,851543,387371,433864,821235,294594,345376,639970,232970,301994,534964,167150,259473,426623,71336,146863,218199,10444,35173,45617
2021-10-23,2059548,2501427,4560975,488680,531648,1020328,406443,446450,852893,387629,434147,821776,294770,345540,640310,233059,302076,535135,167173,259508,426681,71346,146880,218226,10448,35178,45626
2021-10-24,2068705,2510556,4579261,497373,540267,1037640,406633,446648,853281,387755,434289,822044,294849,345621,640470,233108,302134,535242,167186,259529,426715,71351,146887,218238,10450,35181,45631
2021-10-25,2078652,2520841,4599493,505397,548154,1053551,407486,447524,855010,388352,434980,823332,295149,346036,641185,233221,302361,535582,167230,259649,426879,71364,146943,218307,10453,35194,45647
2021-10-26,2090404,2532252,4622656,515715,558187,1073902,408256,448201,856457,388678,435320,823998,295358,346229,641587,233308,302440,535748,167258,259691,426949,71376,146974,218350,10455,35210,45665
2021-10-27,2102805,2544877,4647682,526876,569489,1096365,408817,448774,857591,389043,435686,824729,295561,346437,641998,233382,302548,535930,167290,259737,427027,71381,146993,218374,10455,35213,45668
2021-10-28,2115547,2557768,4673315,538141,580825,1118966,409484,449393,858877,389453,436103,825556,295817,346710,642527,233477,302687,536164,167326,259793,427119,71389,147028,218417,10460,35229,45689
2021-10-29,2128001,2570207,4698208,549703,592353,1142056,409962,449822,859784,389663,436342,826005,295940,346828,642768,233537,302748,536285,167340,259824,427164,71395,147052,218447,10461,35238,45699
2021-10-30,2136485,2578795,4715280,557603,600340,1157943,410285,450122,860407,389808,436494,826302,296015,346907,642922,233573,302787,536360,167343,259846,427189,71397,147059,218456,10461,35240,45701
2021-10-31,2144520,2586664,4731184,564964,607573,1172537,410620,450460,861080,389988,436641,826629,296116,346992,643108,233608,302821,536429,167359,259869,427228,71402,147066,218468,10463,35242,45705
2021-11-01,2152452,2593787,4746239,569543,611948,1181491,412914,452149,865063,390620,437157,827777,296396,347289,643685,233728,302976,536704,167383,259935,427318,71405,147082,218487,10463,35251,45714
2021-11-02,2156283,2597593,4753876,571983,614121,1186104,413732,452973,866705,390936,437552,828488,296563,347519,644082,233788,303081,536869,167396,259981,427377,71412,147103,218515,10473,35263,45736
2021-11-03,2165694,2607650,4773344,580780,623560,1204340,414008,453218,867226,391111,437712,828823,296672,347626,644298,233823,303139,536962,167407,260007,427414,71419,147119,218538,10474,35269,45743
2021-11-04,2175357,2617394,4792751,589875,632671,1222546,414256,453486,867742,391275,437860,829135,296758,347709,644467,233859,303201,537060,167426,260053,427479,71429,147137,218566,10479,35277,45756
2021-11-05,2179254,2620889,4800143,593236,635652,1228888,414472,453701,868173,391412,437983,829395,296872,347787,644659,233900,303250,537150,167444,260076,427520,71438,147154,218592,10480,35286,45766
2021-11-06,2182543,2624152,4806695,596114,638452,1234566,414652,453878,868530,391507,438096,829603,296959,347890,644849,233934,303284,537218,167452,260097,427549,71443,147167,218610,10482,35288,45770
2021-11-07,2185771,2627261,4813032,598851,641102,1239953,414873,454080,868953,391638,438203,829841,297038,347947,644985,233970,303330,537300,167468,260121,427589,71451,147183,218634,10482,35295,45777
2021-11-08,2194623,2636380,4831003,606944,649244,1256188,415214,454471,869685,391844,438444,830288,297170,348123,645293,234026,303422,537448,167487,260177,427664,71455,147194,218649,10483,35305,45788
2021-11-09,2198718,2640508,4839226,610496,652727,1263223,415473,454746,870219,392002,438610,830612,297257,348235,645492,234056,303467,537523,167493,260205,427698,71458,147205,218663,10483,35313,45796
2021-11-10,2204648,2646002,4850650,615919,657651,1273570,415713,454991,870704,392124,438734,830858,297325,348312,645637,234109,303517,537626,167513,260245,427758,71461,147226,218687,10484,35326,45810
2021-11-11,2209607,2650752,4860359,620211,661692,1281903,416017,455242,871259,392287,438906,831193,297426,348439,645865,234152,303585,537737,167544,260294,427838,71482,147260,218742,10488,35334,45822
2021-11-12,2217139,2658362,4875501,627060,668558,1295618,416267,455492,871759,392504,439132,831636,297543,348545,646088,234214,303673,537887,167568,260339,427907,71490,147280,218770,10493,35343,45836
2021-11-13,2218301,2659421,4877722,628211,669604,1297815,416271,455495,871766,392506,439134,831640,297544,348548,646092,234216,303677,537893,167568,260340,427908,71491,147280,218771,10494,35343,45837
2021-11-14,2219681,2660785,4880466,629576,670957,1300533,416278,455501,871779,392511,439137,831648,297547,348548,646095,234216,303679,537895,167568,260340,427908,71491,147280,218771,10494,35343,45837
2021-11-15,2226396,2667531,4893927,635589,676946,1312535,416526,455774,872300,392749,439379,832128,297716,348709,646425,234250,303719,537969,167577,260365,427942,71495,147294,218789,10494,35345,45839
2021-11-16,2236428,2677218,4913646,643234,684517,1327751,417562,456624,874186,393616,440112,833728,298027,349004,647031,234382,303872,538254,167609,260410,428019,71502,147325,218827,10496,35354,45850
2021-11-17,2248358,2688893,4937251,654590,695567,1350157,417876,456905,874781,393743,440260,834003,298113,349104,647217,234410,303916,538326,167618,260436,428054,71506,147341,218847,10502,35364,45866
2021-11-18,2259882,2700178,4960060,665612,706332,1371944,418102,457108,875210,393889,440403,834292,298197,349192,647389,234442,303956,538398,167627,260454,428081,71509,147357,218866,10504,35376,45880
2021-11-19,2270994,2710998,4981992,675841,716200,1392041,418511,457504,876015,394115,440638,834753,298348,349370,647718,234504,304034,538538,167655,260491,428146,71516,147377,218893,10504,35384,45888
2021-11-20,2274633,2714866,4989499,679131,719671,1398802,418640,457634,876274,394212,440752,834964,298425,349442,647867,234528,304081,538609,167668,260512,428180,71523,147388,218911,10506,35386,45892
2021-11-21,2278428,2718752,4997180,682424,723012,1405436,418817,457816,876633,394347,440907,835254,298542,349568,648110,234579,304133,538712,167682,260531,428213,71529,147396,218925,10508,35389,45897
2021-11-22,2283169,2723562,5006731,686666,727282,1413948,419027,458041,877068,394487,441031,835518,298639,349674,648313,234616,304170,538786,167693,260559,428252,71532,147409,218941,10509,35396,45905
2021-11-23,2290645,2731077,5021722,693285,733945,1427230,419430,458415,877845,394713,441247,835960,298796,349827,648623,234661,304233,538894,167711,260583,428294,71538,147426,218964,10511,35401,45912
2021-11-24,2299094,2739311,5038405,700851,741330,1442181,419872,458783,878655,394953,441467,836420,298931,349975,648906,234698,304296,538994,167728,260610,428338,71547,147444,218991,10514,35406,45920
2021-11-25,2301635,2741744,5043379,702767,743120,1445887,420219,459056,879275,395101,441649,836750,298993,350057,649050,234736,304347,539083,167743,260634,428377,71557,147471,219028,10519,35410,45929
2021-11-26,2307830,2747832,5055662,707920,748205,1456125,420671,459473,880144,395402,441920,837322,299176,350211,649387,234798,304435,539233,167772,260679,428451,71570,147489,219059,10521,35420,45941
2021-11-27,2312877,2752890,5065767,712458,752674,1465132,420866,459682,880548,395538,442071,837609,299287,350334,649621,234841,304492,539333,167788,260705,428493,71574,147505,219079,10525,35427,45952
2021-11-28,2317663,2757441,5075104,716796,756750,1473546,421088,459913,881001,395649,442196,837845,299350,350397,649747,234880,304517,539397,167796,260726,428522,71579,147513,219092,10525,35429,45954
2021-11-29,2322338,2762103,5084441,720690,760621,1481311,421485,460304,881789,395875,442405,838280,299461,350492,649953,234911,304575,539486,167806,260749,428555,71583,147521,219104,10527,35436,45963
2021-11-30,2328063,2767785,5095848,725393,765226,1490619,422054,460852,882906,396114,442626,838740,299578,350637,650215,234978,304670,539648,167826,260793,428619,71590,147536,219126,10530,35445,45975
2021-12-01,2335054,2774423,5109477,731481,770886,1502367,422483,461250,883733,396338,442854,839192,299737,350804,650541,235036,304778,539814,167851,260840,428691,71597,147558,219155,10531,35453,45984
2021-12-02,2342252,2781759,5124011,737581,776913,1514494,422996,461730,884726,396704,443260,839964,299869,351035,650904,235093,304865,539958,167875,260905,428780,71602,147585,219187,10532,35466,45998
2021-12-03,2344622,2784056,5128678,739367,778613,1517980,423294,462016,885310,396841,443388,840229,299944,351121,651065,235145,304916,540061,167893,260936,428829,71605,147597,219202,10533,35469,46002
2021-12-04,2347141,2786608,5133749,741540,780821,1522361,423430,462148,885578,396945,443471,840416,299996,351182,651178,235178,304951,540129,167909,260956,428865,71610,147605,219215,10533,35474,46007
2021-12-05,2349102,2788611,5137713,743170,782449,1525619,423599,462310,885909,397018,443561,840579,300048,351243,651291,235204,304987,540191,167916,260970,428886,71613,147613,219226,10534,35478,46012
2021-12-06,2354316,2793815,5148131,747616,786806,1534422,423960,462678,886638,397241,443812,841053,300161,351369,651530,235249,305043,540292,167937,260998,428935,71617,147627,219244,10535,35482,46017
2021-12-07,2358300,2797826,5156126,750707,789873,1540580,424404,463110,887514,397478,444061,841539,300284,351487,651771,235306,305129,540435,167964,261039,429003,71620,147641,219261,10537,35486,46023
2021-12-08,2361347,2800818,5162165,753174,792314,1545488,424645,463319,887964,397623,444195,841818,300407,351594,652001,235353,305186,540539,167982,261065,429047,71624,147652,219276,10539,35493,46032
2021-12-09,2366708,2806049,5172757,758003,796955,1554958,424884,463540,888424,397765,444349,842114,300492,351690,652182,235396,305247,540643,168000,261103,429103,71628,147670,219298,10540,35495,46035
2021-12-10,2370101,2809280,5179381,760924,799670,1560594,425110,463751,888861,397884,444453,842337,300557,351779,652336,235439,305298,540737,168012,261129,429141,71635,147688,219323,10540,35512,46052
2021-12-11,2372401,2811611,5184012,762750,801535,1564285,425338,463931,889269,397990,444570,842560,300631,351870,652501,235485,305337,540822,168027,261150,429177,71640,147703,219343,10540,35515,46055
2021-12-12,2374551,2813599,5188150,764314,802963,1567277,425667,464201,889868,398134,444713,842847,300701,351949,652650,235521,305379,540900,168033,261168,429201,71641,147710,219351,10540,35516,46056
2021-12-13,2376716,2815648,5192364,765710,804333,1570043,426083,464551,890634,398324,444862,843186,300808,352048,652856,235559,305422,540981,168045,261191,429236,71646,147722,219368,10541,35519,46060
2021-12-14,2379803,2818752,5198555,768062,806682,1574744,426430,464860,891290,398523,445078,843601,300922,352150,653072,235612,305488,541100,168058,261223,429281,71653,147744,219397,10543,35527,46070
2021-12-15,2382838,2821776,5204614,770420,809000,1579420,426723,465105,891828,398707,445259,843966,301047,352290,653337,235667,305561,541228,168075,261270,429345,71655,147757,219412,10544,35534,46078
2021-12-16,2385974,2824719,5210693,772945,811385,1584330,427030,465328,892358,398866,445397,844263,301139,352382,653521,235702,305611,541313,168087,261305,429392,71660,147771,219431,10545,35540,46085
2021-12-17,2388833,2827579,5216412,775279,813620,1588899,427274,465552,892826,399000,445536,844536,301215,352508,653723,235750,305677,541427,168102,261342,429444,71666,147798,219464,10547,35546,46093
2021-12-18,2391138,2829812,5220950,776963,815258,1592221,427541,465776,893317,399173,445717,844890,301321,352597,653918,235798,305735,541533,168118,261362,429480,71676,147816,219492,10548,35551,46099
2021-12-19,2393579,2832086,5225665,778780,816953,1595733,427839,466046,893885,399351,445857,845208,301413,352690,654103,235833,305768,541601,168130,261380,429510,71684,147831,219515,10549,35561,46110
2021-12-20,2396986,2835202,5232188,781303,819254,1600557,428313,466447,894760,399582,446057,845639,301526,352792,654318,235872,305811,541683,168145,261416,429561,71692,147857,219549,10553,35568,46121
2021-12-21,2400913,2838710,5239623,784228,821897,1606125,428829,466868,895697,399847,446263,846110,301673,352943,654616,235922,305851,541773,168161,261434,429595,71698,147875,219573,10555,35579,46134
