FECHA,TotalM,TotalF,Total,<=30M,<=30F,<=30,31-40M,31-40F,31-40,41-50M,41-50F,41-50,51-60M,51-60F,51-60,61-70M,61-70F,61-70,71-80M,71-80F,71-80,81-90M,81-90F,81-90,>=91M,>=91F,>=91
2020-12-29,299,476,775,44,76,120,104,144,248,93,154,247,57,100,157,1,2,3,0,0,0,0,0,0,0,0,0
2020-12-30,339,564,903,51,113,164,122,173,295,96,175,271,68,102,170,2,1,3,0,0,0,0,0,0,0,0,0
2020-12-31,46,51,97,7,3,10,14,17,31,16,21,37,9,9,18,0,1,1,0,0,0,0,0,0,0,0,0
2021-01-01,0,0,0,0,0,0,0,0,0,0,0,0,0,0,0,0,0,0,0,0,0,0,0,0,0,0,0
2021-01-02,153,277,430,14,33,47,58,110,168,50,78,128,30,55,85,1,1,2,0,0,0,0,0,0,0,0,0
2021-01-03,55,114,169,9,17,26,25,48,73,12,30,42,9,19,28,0,0,0,0,0,0,0,0,0,0,0,0
2021-01-04,356,584,940,61,101,162,116,203,319,103,175,278,75,105,180,1,0,1,0,0,0,0,0,0,0,0,0
2021-01-05,513,814,1327,73,137,210,216,271,487,126,247,373,97,155,252,1,3,4,0,1,1,0,0,0,0,0,0
2021-01-06,566,872,1438,99,162,261,211,262,473,158,256,414,96,191,287,2,1,3,0,0,0,0,0,0,0,0,0
2021-01-07,574,1014,1588,90,169,259,201,348,549,161,302,463,122,195,317,0,0,0,0,0,0,0,0,0,0,0,0
2021-01-08,670,1187,1857,121,230,351,227,405,632,193,342,535,124,207,331,5,3,8,0,0,0,0,0,0,0,0,0
2021-01-09,169,275,444,14,40,54,72,102,174,52,89,141,31,44,75,0,0,0,0,0,0,0,0,0,0,0,0
2021-01-10,209,362,571,33,48,81,89,152,241,54,103,157,31,59,90,2,0,2,0,0,0,0,0,0,0,0,0
2021-01-11,662,1201,1863,111,258,369,267,404,671,177,327,504,105,209,314,2,3,5,0,0,0,0,0,0,0,0,0
2021-01-12,595,1097,1692,97,191,288,236,388,624,151,293,444,110,224,334,1,1,2,0,0,0,0,0,0,0,0,0
2021-01-13,466,892,1358,79,179,258,164,325,489,129,234,363,93,154,247,1,0,1,0,0,0,0,0,0,0,0,0
2021-01-14,804,1424,2228,169,282,451,292,488,780,220,397,617,123,256,379,0,1,1,0,0,0,0,0,0,0,0,0
2021-01-15,1196,2228,3424,215,453,668,467,772,1239,308,614,922,206,386,592,0,3,3,0,0,0,0,0,0,0,0,0
2021-01-16,476,861,1337,96,154,250,178,329,507,120,245,365,82,133,215,0,0,0,0,0,0,0,0,0,0,0,0
2021-01-17,285,547,832,66,93,159,113,215,328,72,155,227,34,84,118,0,0,0,0,0,0,0,0,0,0,0,0
2021-01-18,188,319,507,28,54,82,60,104,164,57,106,163,43,55,98,0,0,0,0,0,0,0,0,0,0,0,0
2021-01-19,286,472,758,36,67,103,82,171,253,95,146,241,71,87,158,2,1,3,0,0,0,0,0,0,0,0,0
2021-01-20,293,505,798,31,96,127,109,150,259,89,158,247,64,99,163,0,2,2,0,0,0,0,0,0,0,0,0
2021-01-21,129,187,316,23,29,52,44,52,96,34,63,97,23,41,64,5,1,6,0,1,1,0,0,0,0,0,0
2021-01-22,34,49,83,6,10,16,13,14,27,12,17,29,2,7,9,1,1,2,0,0,0,0,0,0,0,0,0
2021-01-23,119,203,322,10,22,32,45,81,126,39,60,99,24,40,64,1,0,1,0,0,0,0,0,0,0,0,0
2021-01-24,44,89,133,5,10,15,20,37,57,11,26,37,8,16,24,0,0,0,0,0,0,0,0,0,0,0,0
2021-01-25,281,460,741,45,77,122,84,148,232,80,144,224,70,90,160,2,1,3,0,0,0,0,0,0,0,0,0
2021-01-26,370,646,1016,40,105,145,146,184,330,105,216,321,76,137,213,3,4,7,0,0,0,0,0,0,0,0,0
2021-01-27,446,664,1110,74,116,190,169,198,367,117,194,311,82,155,237,4,1,5,0,0,0,0,0,0,0,0,0
2021-01-28,459,808,1267,75,145,220,152,273,425,128,226,354,103,164,267,1,0,1,0,0,0,0,0,0,0,0,0
2021-01-29,636,1065,1701,102,188,290,243,376,619,183,307,490,104,190,294,4,4,8,0,0,0,0,0,0,0,0,0
2021-01-30,153,262,415,19,39,58,60,104,164,45,79,124,29,40,69,0,0,0,0,0,0,0,0,0,0,0,0
2021-01-31,118,225,343,23,33,56,42,93,135,32,60,92,20,39,59,1,0,1,0,0,0,0,0,0,0,0,0
2021-02-01,546,943,1489,91,175,266,224,332,556,150,254,404,80,178,258,1,4,5,0,0,0,0,0,0,0,0,0
2021-02-02,1183,2006,3189,113,244,357,289,465,754,206,438,644,226,463,689,306,364,670,37,30,67,5,2,7,1,0,1
2021-02-03,1267,2310,3577,138,326,464,324,617,941,253,546,799,246,474,720,267,318,585,36,27,63,3,2,5,0,0,0
2021-02-04,1242,2324,3566,159,324,483,359,664,1023,292,566,858,221,483,704,167,250,417,39,34,73,4,3,7,1,0,1
2021-02-05,1907,3713,5620,280,578,858,620,1170,1790,405,910,1315,356,735,1091,190,276,466,51,42,93,5,2,7,0,0,0
2021-02-06,442,806,1248,81,118,199,136,276,412,116,230,346,86,155,241,22,26,48,1,1,2,0,0,0,0,0,0
2021-02-07,353,652,1005,54,90,144,113,237,350,110,192,302,58,111,169,16,21,37,2,1,3,0,0,0,0,0,0
2021-02-08,867,1594,2461,128,280,408,278,502,780,210,428,638,150,271,421,89,103,192,11,10,21,1,0,1,0,0,0
2021-02-09,991,1926,2917,141,342,483,303,568,871,227,462,689,181,403,584,120,145,265,14,6,20,5,0,5,0,0,0
2021-02-10,536,1024,1560,81,164,245,131,323,454,145,262,407,108,206,314,59,62,121,9,7,16,3,0,3,0,0,0
2021-02-11,455,1061,1516,71,180,251,145,345,490,97,268,365,72,198,270,57,62,119,12,8,20,1,0,1,0,0,0
2021-02-12,506,946,1452,73,153,226,166,332,498,114,276,390,90,138,228,47,40,87,13,7,20,3,0,3,0,0,0
2021-02-13,28,44,72,2,8,10,11,17,28,6,9,15,8,9,17,0,1,1,1,0,1,0,0,0,0,0,0
2021-02-14,6,24,30,2,7,9,2,7,9,0,10,10,2,0,2,0,0,0,0,0,0,0,0,0,0,0,0
2021-02-15,0,0,0,0,0,0,0,0,0,0,0,0,0,0,0,0,0,0,0,0,0,0,0,0,0,0,0
2021-02-16,11,36,47,1,1,2,8,18,26,2,13,15,0,3,3,0,0,0,0,1,1,0,0,0,0,0,0
2021-02-17,799,1504,2303,127,228,355,246,450,696,171,431,602,146,287,433,97,104,201,12,4,16,0,0,0,0,0,0
2021-02-18,1848,3879,5727,218,540,758,523,1047,1570,379,1023,1402,363,783,1146,267,386,653,79,94,173,19,6,25,0,0,0
2021-02-19,1671,3816,5487,195,534,729,448,1115,1563,427,983,1410,310,736,1046,211,334,545,65,104,169,12,10,22,3,0,3
2021-02-20,452,785,1237,45,83,128,136,272,408,112,193,305,88,150,238,53,82,135,17,5,22,1,0,1,0,0,0
2021-02-21,329,505,834,35,65,100,93,188,281,80,131,211,79,86,165,33,30,63,7,5,12,2,0,2,0,0,0
2021-02-22,3424,6245,9669,195,445,640,351,864,1215,269,699,968,255,545,800,312,313,625,396,534,930,1479,2419,3898,167,426,593
2021-02-23,3981,7401,11382,252,528,780,446,1097,1543,426,1002,1428,363,800,1163,478,611,1089,359,500,859,1478,2427,3905,179,436,615
2021-02-24,4056,7610,11666,257,462,719,552,1053,1605,447,966,1413,327,751,1078,385,501,886,395,612,1007,1528,2760,4288,165,505,670
2021-02-25,4046,7549,11595,234,533,767,523,1089,1612,492,893,1385,372,786,1158,344,492,836,338,570,908,1540,2676,4216,203,510,713
2021-02-26,3919,7897,11816,249,561,810,544,1116,1660,378,952,1330,395,855,1250,353,504,857,360,538,898,1450,2805,4255,190,566,756
2021-02-27,529,1106,1635,40,74,114,99,127,226,88,122,210,60,107,167,58,101,159,66,128,194,103,310,413,15,137,152
2021-02-28,154,353,507,15,17,32,30,59,89,17,34,51,13,16,29,34,33,67,15,38,53,25,94,119,5,62,67
2021-03-01,3085,6068,9153,111,231,342,260,522,782,222,398,620,165,382,547,193,249,442,357,561,918,1576,3191,4767,201,534,735
2021-03-02,3038,5861,8899,126,297,423,230,503,733,174,425,599,156,345,501,186,311,497,370,570,940,1585,2903,4488,211,507,718
2021-03-03,2881,5803,8684,133,258,391,250,595,845,221,495,716,159,386,545,138,235,373,304,518,822,1462,2777,4239,214,539,753
2021-03-04,1274,2865,4139,123,319,442,231,555,786,186,420,606,138,332,470,119,227,346,118,203,321,328,673,1001,31,136,167
2021-03-05,1112,2591,3703,94,245,339,249,575,824,196,546,742,165,401,566,118,217,335,73,144,217,185,383,568,32,80,112
2021-03-06,656,2326,2982,40,238,278,175,525,700,135,510,645,102,428,530,28,56,84,66,145,211,87,303,390,23,121,144
2021-03-07,647,2065,2712,35,191,226,145,490,635,147,456,603,122,361,483,35,44,79,68,132,200,75,250,325,20,141,161
2021-03-08,1453,3321,4774,91,252,343,183,444,627,134,387,521,137,350,487,131,271,402,179,309,488,526,1009,1535,72,299,371
2021-03-09,3765,6844,10609,158,306,464,334,685,1019,272,532,804,252,501,753,271,354,625,419,670,1089,1833,3128,4961,226,668,894
2021-03-10,4039,8718,12757,212,518,730,386,1123,1509,335,1111,1446,348,994,1342,224,334,558,403,645,1048,1883,3323,5206,248,670,918
2021-03-11,5186,12320,17506,410,913,1323,743,2033,2776,567,2187,2754,525,1625,2150,366,535,901,444,738,1182,1921,3649,5570,210,640,850
2021-03-12,3802,10294,14096,431,1046,1477,830,2523,3353,681,2527,3208,577,1861,2438,289,456,745,229,329,558,659,1281,1940,106,271,377
2021-03-13,1492,5101,6593,194,783,977,418,1502,1920,378,1402,1780,298,963,1261,90,129,219,30,79,109,67,175,242,17,68,85
2021-03-14,1044,3955,4999,97,513,610,305,1105,1410,292,1223,1515,242,936,1178,80,133,213,25,40,65,3,5,8,0,0,0
2021-03-15,2972,8968,11940,260,1025,1285,645,2213,2858,554,2164,2718,503,1692,2195,283,523,806,212,325,537,447,899,1346,68,127,195
2021-03-16,3929,9447,13376,267,844,1111,612,1781,2393,564,1719,2283,459,1427,1886,334,599,933,379,569,948,1204,2196,3400,110,312,422
2021-03-17,4175,9238,13413,292,680,972,620,1702,2322,578,1618,2196,448,1223,1671,391,704,1095,424,675,1099,1278,2304,3582,144,332,476
2021-03-18,4357,9844,14201,335,902,1237,739,1922,2661,674,1766,2440,581,1438,2019,322,590,912,438,692,1130,1128,2153,3281,140,381,521
2021-03-19,4152,9876,14028,353,995,1348,777,2064,2841,775,1864,2639,628,1487,2115,252,379,631,302,510,812,913,2047,2960,152,530,682
2021-03-20,2186,4937,7123,70,221,291,207,475,682,191,464,655,197,470,667,457,1076,1533,385,623,1008,581,1300,1881,98,308,406
2021-03-21,1674,3462,5136,24,62,86,71,134,205,43,81,124,95,194,289,637,1419,2056,419,686,1105,331,709,1040,54,177,231
2021-03-22,2075,4465,6540,166,295,461,308,685,993,239,574,813,231,642,873,574,1442,2016,469,683,1152,75,119,194,13,25,38
2021-03-23,3017,6939,9956,120,269,389,258,576,834,214,529,743,205,458,663,408,870,1278,454,741,1195,1157,2719,3876,201,777,978
2021-03-24,1858,4127,5985,6,17,23,12,28,40,10,26,36,37,63,100,238,565,803,343,657,1000,1056,2270,3326,156,501,657
2021-03-25,2100,4277,6377,130,296,426,257,557,814,243,433,676,162,317,479,93,154,247,305,460,765,789,1653,2442,121,407,528
2021-03-26,1104,2623,3727,37,94,131,109,195,304,76,171,247,86,138,224,120,384,504,182,394,576,413,928,1341,81,319,400
2021-03-27,737,1862,2599,3,6,9,5,15,20,3,13,16,5,22,27,17,40,57,149,330,479,486,1080,1566,69,356,425
2021-03-28,710,1884,2594,2,4,6,3,7,10,1,11,12,8,12,20,30,39,69,142,259,401,433,1144,1577,91,408,499
2021-03-29,2300,5826,8126,200,526,726,420,1092,1512,347,897,1244,280,737,1017,151,285,436,237,395,632,554,1405,1959,111,489,600
2021-03-30,3146,7216,10362,118,293,411,244,654,898,228,534,762,1053,2375,3428,767,1239,2006,368,694,1062,305,1042,1347,63,385,448
2021-03-31,4159,8507,12666,229,529,758,495,1239,1734,433,1080,1513,236,495,731,160,218,378,2043,3172,5215,462,1297,1759,101,477,578
2021-04-01,4525,7573,12098,27,28,55,25,83,108,540,1033,1573,384,754,1138,68,200,268,3065,4347,7412,350,862,1212,66,266,332
2021-04-02,4416,7211,11627,1,3,4,2,6,8,910,1734,2644,7,15,22,15,26,41,3168,4645,7813,275,611,886,38,171,209
2021-04-03,3752,6085,9837,1,8,9,3,4,7,8,7,15,9,7,16,9,11,20,3580,5638,9218,108,294,402,34,116,150
2021-04-04,1104,1749,2853,0,0,0,0,1,1,2,6,8,4,4,8,18,17,35,1070,1693,2763,5,17,22,5,11,16
2021-04-05,6071,9784,15855,88,126,214,74,199,273,76,200,276,80,199,279,132,191,323,5460,8510,13970,128,265,393,33,94,127
2021-04-06,6831,11000,17831,103,148,251,125,224,349,70,148,218,60,120,180,112,179,291,6100,9541,15641,217,487,704,44,153,197
2021-04-07,7562,11914,19476,91,119,210,124,266,390,74,172,246,79,142,221,654,811,1465,6132,9499,15631,345,728,1073,63,177,240
2021-04-08,8487,12081,20568,163,165,328,210,268,478,103,155,258,84,166,250,1526,2230,3756,6224,8800,15024,153,219,372,24,78,102
2021-04-09,7349,11273,18622,128,246,374,223,388,611,121,258,379,90,184,274,1343,1854,3197,5266,7870,13136,147,334,481,31,139,170
2021-04-10,3102,4760,7862,48,108,156,64,151,215,77,121,198,54,122,176,655,1006,1661,2143,3169,5312,54,54,108,7,29,36
2021-04-11,2910,4619,7529,48,108,156,96,182,278,52,162,214,65,166,231,599,910,1509,2017,2998,5015,29,62,91,4,31,35
2021-04-12,8112,12520,20632,131,243,374,181,352,533,115,225,340,109,197,306,1612,2304,3916,5851,8920,14771,89,199,288,24,80,104
2021-04-13,7669,11780,19449,205,187,392,230,338,568,217,236,453,195,372,567,1966,3416,5382,4713,6873,11586,123,262,385,20,96,116
2021-04-14,6591,9799,16390,232,76,308,182,166,348,156,185,341,65,68,133,814,1025,1839,3834,5929,9763,1167,1952,3119,141,398,539
2021-04-15,3275,5705,8980,136,46,182,101,38,139,79,23,102,42,47,89,1290,2814,4104,1525,2487,4012,83,195,278,19,55,74
2021-04-16,3799,5741,9540,100,33,133,48,27,75,42,24,66,16,16,32,628,839,1467,2583,3853,6436,320,756,1076,62,193,255
2021-04-17,318,488,806,16,14,30,25,17,42,37,33,70,37,31,68,43,40,83,140,272,412,18,57,75,2,24,26
2021-04-18,147,161,308,16,6,22,22,16,38,29,33,62,43,29,72,9,17,26,15,17,32,9,29,38,4,14,18
2021-04-19,4044,6358,10402,159,30,189,64,13,77,50,15,65,16,13,29,491,678,1169,2803,4393,7196,396,978,1374,65,238,303
2021-04-20,6165,10580,16745,163,62,225,81,70,151,67,84,151,451,1058,1509,3018,4928,7946,1604,2445,4049,584,1339,1923,197,594,791
2021-04-21,8409,12092,20501,84,46,130,49,45,94,46,45,91,85,215,300,7755,10934,18689,330,624,954,47,127,174,13,56,69
2021-04-22,10068,13916,23984,47,45,92,39,46,85,32,51,83,42,64,106,9462,12967,22429,368,588,956,69,123,192,9,32,41
2021-04-23,10199,13204,23403,26,47,73,47,55,102,51,75,126,68,75,143,9731,12353,22084,218,390,608,50,142,192,8,67,75
2021-04-24,2913,3515,6428,5,9,14,5,8,13,15,16,31,18,22,40,2616,3189,5805,215,188,403,29,63,92,10,20,30
2021-04-25,81,123,204,2,2,4,4,3,7,5,12,17,9,7,16,57,78,135,2,9,11,0,8,8,2,4,6
2021-04-26,1504,2381,3885,14,6,20,11,12,23,9,10,19,5,16,21,1316,2013,3329,128,222,350,15,76,91,6,26,32
2021-04-27,1387,2852,4239,77,71,148,49,92,141,43,67,110,35,58,93,900,1668,2568,232,718,950,45,141,186,6,37,43
2021-04-28,7061,16028,23089,721,1833,2554,1551,4309,5860,1287,3849,5136,1016,2952,3968,2243,2633,4876,203,321,524,34,96,130,6,35,41
2021-04-29,6528,13154,19682,454,1320,1774,1077,3197,4274,1032,2994,4026,861,2363,3224,2732,2673,5405,294,375,669,58,166,224,20,66,86
2021-04-30,1327,1982,3309,71,125,196,97,177,274,47,94,141,31,73,104,833,1109,1942,201,281,482,36,81,117,11,42,53
2021-05-01,529,1059,1588,10,30,40,55,99,154,22,53,75,22,38,60,311,593,904,91,158,249,16,59,75,2,29,31
2021-05-02,4293,9834,14127,308,939,1247,811,2169,2980,811,2073,2884,637,1624,2261,493,1049,1542,1190,1840,3030,37,99,136,6,41,47
2021-05-03,8202,11525,19727,56,105,161,103,165,268,52,89,141,823,1161,1984,4893,6495,11388,2177,3267,5444,82,183,265,16,60,76
2021-05-04,11557,14283,25840,91,122,213,95,177,272,44,98,142,1977,2470,4447,9028,10982,20010,268,315,583,42,78,120,12,41,53
2021-05-05,10640,15303,25943,122,187,309,211,189,400,230,135,365,574,668,1242,3113,4625,7738,6086,8725,14811,267,624,891,37,150,187
2021-05-06,3614,5353,8967,110,99,209,155,116,271,199,55,254,422,424,846,1655,2731,4386,985,1780,2765,68,113,181,20,35,55
2021-05-07,7955,13082,21037,136,288,424,227,517,744,196,381,577,258,508,766,1382,2812,4194,5618,8258,13876,114,230,344,24,88,112
2021-05-08,2389,15282,17671,182,1610,1792,470,3496,3966,503,4600,5103,565,3635,4200,577,1788,2365,68,91,159,14,40,54,10,22,32
2021-05-09,134,222,356,0,0,0,0,0,0,1,0,1,21,12,33,68,77,145,14,21,35,22,65,87,8,47,55
2021-05-10,827,2515,3342,27,42,69,31,53,84,27,44,71,148,252,400,317,1419,1736,198,462,660,63,170,233,16,73,89
2021-05-11,3288,3923,7211,20,35,55,31,57,88,31,55,86,630,743,1373,2394,2688,5082,131,184,315,37,103,140,14,58,72
2021-05-12,3570,4407,7977,35,32,67,46,62,108,41,61,102,683,793,1476,2491,2793,5284,170,374,544,88,203,291,16,89,105
2021-05-13,2886,5373,8259,54,104,158,94,232,326,78,156,234,179,311,490,883,1708,2591,1494,2511,4005,86,250,336,18,101,119
2021-05-14,1331,3052,4383,53,96,149,92,189,281,74,136,210,169,235,404,587,1470,2057,284,656,940,54,181,235,18,89,107
2021-05-15,6409,5170,11579,19,40,59,38,67,105,30,49,79,1196,1204,2400,4991,3461,8452,96,174,270,30,121,151,9,54,63
2021-05-16,873,2305,3178,58,193,251,208,701,909,253,710,963,177,400,577,129,153,282,25,42,67,13,74,87,10,32,42
2021-05-17,4266,4326,8592,49,89,138,170,418,588,105,290,395,837,779,1616,2819,2198,5017,229,380,609,41,112,153,16,60,76
2021-05-18,4557,3901,8458,29,53,82,62,76,138,60,79,139,863,843,1706,3408,2513,5921,98,196,294,28,95,123,9,46,55
2021-05-19,3442,3321,6763,41,99,140,109,214,323,45,115,160,631,636,1267,2440,1811,4251,131,314,445,35,91,126,10,41,51
2021-05-20,10570,11940,22510,71,144,215,150,237,387,87,179,266,2924,3315,6239,6590,6495,13085,577,1024,1601,146,438,584,25,108,133
2021-05-21,2143,4384,6527,105,259,364,186,547,733,107,397,504,96,345,441,447,832,1279,1119,1792,2911,75,158,233,8,54,62
2021-05-22,1521,2124,3645,52,74,126,42,62,104,23,63,86,207,261,468,966,1232,2198,195,342,537,31,70,101,5,20,25
2021-05-23,2373,2358,4731,24,46,70,26,67,93,24,41,65,1007,1087,2094,1186,882,2068,80,153,233,19,65,84,7,17,24
2021-05-24,691,1567,2258,37,82,119,66,133,199,37,101,138,224,238,462,271,877,1148,51,103,154,5,25,30,0,8,8
2021-05-25,4599,8477,13076,10,20,30,6,16,22,2,16,18,177,171,348,277,742,1019,479,835,1314,3243,5701,8944,405,976,1381
2021-05-26,2267,3395,5662,34,49,83,42,81,123,35,71,106,1071,963,2034,199,334,533,166,313,479,617,1309,1926,103,275,378
2021-05-27,9302,14944,24246,60,115,175,96,163,259,92,162,254,2681,2451,5132,279,206,485,681,1187,1868,4820,9061,13881,593,1599,2192
2021-05-28,10500,14814,25314,107,156,263,167,242,409,292,270,562,5791,6772,12563,228,238,466,520,815,1335,3018,5326,8344,377,995,1372
2021-05-29,8946,8314,17260,4,8,12,10,12,22,629,471,1100,7747,6913,14660,187,229,416,74,129,203,262,478,740,33,74,107
2021-05-30,8300,7536,15836,1,8,9,6,7,13,1771,1540,3311,6378,5824,12202,84,78,162,23,27,50,31,42,73,6,10,16
2021-05-31,11528,15312,26840,95,177,272,163,281,444,6347,6050,12397,3399,5510,8909,609,868,1477,187,362,549,629,1687,2316,99,377,476
2021-06-01,11093,12576,23669,190,255,445,596,412,1008,7056,7369,14425,2177,2516,4693,116,172,288,161,277,438,732,1294,2026,65,281,346
2021-06-02,9021,12806,21827,613,649,1262,1701,2597,4298,4006,5286,9292,2021,2594,4615,157,207,364,123,209,332,331,944,1275,69,320,389
2021-06-03,12636,19446,32082,3018,5032,8050,5227,7960,13187,3260,4397,7657,573,843,1416,147,201,348,89,189,278,272,631,903,50,193,243
2021-06-04,13205,16247,29452,2960,3580,6540,4763,4742,9505,2945,4210,7155,1014,1390,2404,1050,1163,2213,303,527,830,134,489,623,36,146,182
2021-06-05,10854,10188,21042,2660,2371,5031,4769,3919,8688,1831,1710,3541,667,683,1350,642,722,1364,146,283,429,107,360,467,32,140,172
2021-06-06,8395,9778,18173,3038,4026,7064,3794,4088,7882,919,730,1649,422,374,796,76,80,156,57,130,187,67,207,274,22,143,165
2021-06-07,13608,14128,27736,3079,3351,6430,3298,2745,6043,3288,3135,6423,3328,3881,7209,376,399,775,121,219,340,85,259,344,33,139,172
2021-06-08,12625,17003,29628,1003,1483,2486,1356,2036,3392,1475,2049,3524,8072,9928,18000,146,197,343,191,328,519,325,716,1041,57,266,323
2021-06-09,12558,13108,25666,333,337,670,645,668,1313,701,557,1258,10685,11077,21762,94,129,223,54,87,141,32,144,176,14,109,123
2021-06-10,14241,14910,29151,759,855,1614,1053,1206,2259,1915,2003,3918,10080,10077,20157,289,367,656,86,154,240,40,160,200,19,88,107
2021-06-11,9699,15704,25403,199,233,432,469,306,775,745,657,1402,1377,1491,2868,136,238,374,925,1443,2368,5313,9762,15075,535,1574,2109
2021-06-12,6317,7829,14146,438,593,1031,609,794,1403,1349,1549,2898,3081,3018,6099,48,81,129,144,293,437,568,1180,1748,80,321,401
2021-06-13,4105,4387,8492,202,254,456,283,330,613,904,961,1865,2634,2720,5354,37,40,77,12,18,30,27,55,82,6,9,15
2021-06-14,6073,6649,12722,745,852,1597,1028,1061,2089,1345,1344,2689,2652,2811,5463,46,64,110,39,92,131,194,337,531,24,88,112
2021-06-15,13917,13628,27545,118,178,296,203,286,489,428,453,881,12514,11585,24099,214,221,435,141,308,449,260,479,739,39,118,157
2021-06-16,7580,10223,17803,416,630,1046,831,1052,1883,1788,2107,3895,2046,2236,4282,159,214,373,1890,2751,4641,377,919,1296,73,314,387
2021-06-17,11540,14236,25776,193,283,476,436,438,874,2979,3220,6199,4185,4285,8470,526,681,1207,2749,4049,6798,393,950,1343,79,330,409
2021-06-18,14394,15160,29554,660,820,1480,1062,1113,2175,8405,8011,16416,3196,3277,6473,398,541,939,486,793,1279,158,435,593,29,170,199
2021-06-19,10596,11538,22134,211,298,509,143,246,389,8280,8424,16704,1463,1428,2891,250,282,532,102,214,316,115,418,533,32,228,260
2021-06-20,3,3,6,0,1,1,1,0,1,1,1,2,0,0,0,0,1,1,1,0,1,0,0,0,0,0,0
2021-06-21,6013,6100,12113,23,22,45,38,54,92,5049,4995,10044,653,623,1276,156,188,344,68,92,160,20,89,109,6,37,43
2021-06-22,5081,5181,10262,152,256,408,213,282,495,2345,2217,4562,1723,1500,3223,442,481,923,146,211,357,42,155,197,18,79,97
2021-06-23,9585,9599,19184,138,240,378,185,360,545,7885,7545,15430,1103,925,2028,140,221,361,67,118,185,53,131,184,14,59,73
2021-06-24,15393,19444,34837,204,408,612,640,4172,4812,13077,13008,26085,1077,1184,2261,233,312,545,125,215,340,32,106,138,5,39,44
2021-06-25,12864,18729,31593,402,1183,1585,714,3033,3747,4829,4934,9763,964,1110,2074,4561,6187,10748,1166,1640,2806,192,503,695,36,139,175
2021-06-26,9291,11960,21251,38,42,80,37,51,88,841,834,1675,563,698,1261,6840,8693,15533,784,1203,1987,160,338,498,28,101,129
2021-06-27,8134,8977,17111,64,108,172,77,140,217,3517,3587,7104,2780,2805,5585,1044,1227,2271,548,825,1373,87,239,326,17,46,63
2021-06-28,17269,19683,36952,697,1668,2365,601,2415,3016,13822,12883,26705,1255,1270,2525,698,1010,1708,145,255,400,40,109,149,11,73,84
2021-06-29,18239,18632,36871,197,354,551,456,819,1275,15754,14896,30650,753,782,1535,713,1043,1756,243,421,664,109,234,343,14,83,97
2021-06-30,19517,19251,38768,153,198,351,5140,4895,10035,12243,11634,23877,669,652,1321,1161,1524,2685,105,190,295,36,94,130,10,64,74
2021-07-01,12703,13340,26043,107,216,323,4794,4750,9544,5528,5208,10736,955,1051,2006,802,1097,1899,353,573,926,138,326,464,26,119,145
2021-07-02,9810,18192,28002,584,1185,1769,2346,3757,6103,1522,1733,3255,348,512,860,821,1376,2197,641,1195,1836,3077,6834,9911,471,1600,2071
2021-07-03,10898,12273,23171,17,37,54,6044,5315,11359,2551,2718,5269,499,572,1071,405,537,942,334,627,961,920,1968,2888,128,499,627
2021-07-04,10419,10314,20733,514,843,1357,9187,8440,17627,406,468,874,131,122,253,85,126,211,57,79,136,28,154,182,11,82,93
2021-07-05,5046,5478,10524,264,402,666,3524,3001,6525,247,284,531,137,129,266,319,462,781,235,405,640,277,604,881,43,191,234
2021-07-06,12978,12130,25108,423,662,1085,11595,9831,21426,268,326,594,187,241,428,180,208,388,103,217,320,186,488,674,36,157,193
2021-07-07,5598,6211,11809,150,146,296,3927,3561,7488,655,904,1559,252,386,638,139,211,350,149,308,457,280,542,822,46,153,199
2021-07-08,18789,16260,35049,364,529,893,15021,12287,27308,2284,2059,4343,708,732,1440,282,358,640,70,126,196,45,131,176,15,38,53
2021-07-09,12820,13011,25831,675,723,1398,8678,8227,16905,2203,2196,4399,834,834,1668,267,415,682,138,520,658,21,76,97,4,20,24
2021-07-10,10758,11434,22192,1456,1758,3214,7944,7812,15756,376,425,801,176,230,406,464,546,1010,254,423,677,77,191,268,11,49,60
2021-07-11,2120,3610,5730,255,359,614,1061,1280,2341,155,373,528,71,191,262,24,38,62,105,204,309,397,951,1348,52,214,266
2021-07-12,17913,15962,33875,3036,2938,5974,13945,11737,25682,439,527,966,229,272,501,107,169,276,60,126,186,80,146,226,17,47,64
2021-07-13,10284,8733,19017,1777,1622,3399,7341,5975,13316,741,625,1366,271,272,543,95,101,196,39,64,103,14,44,58,6,30,36
2021-07-14,3430,3269,6699,626,707,1333,2262,1889,4151,300,358,658,155,164,319,51,62,113,15,45,60,15,26,41,6,18,24
2021-07-15,13916,19508,33424,414,687,1101,1268,2350,3618,6847,7027,13874,1199,2341,3540,708,1134,1842,2557,3753,6310,801,1761,2562,122,455,577
2021-07-16,13746,19600,33346,334,414,748,1002,2963,3965,7245,8024,15269,494,674,1168,148,193,341,4053,5994,10047,400,1058,1458,70,280,350
2021-07-17,12137,13367,25504,1389,1731,3120,5115,5366,10481,4246,4456,8702,774,842,1616,243,260,503,291,499,790,64,169,233,15,44,59
2021-07-18,11153,11916,23069,2988,3776,6764,2874,2621,5495,3606,3603,7209,1432,1447,2879,167,233,400,64,138,202,19,77,96,3,21,24
2021-07-19,16564,17853,34417,2675,3287,5962,1450,2544,3994,10815,9972,20787,1095,1087,2182,198,224,422,132,209,341,152,415,567,47,115,162
2021-07-20,18343,19518,37861,7393,8434,15827,2493,2863,5356,7310,6693,14003,709,760,1469,186,230,416,152,289,441,82,190,272,18,59,77
2021-07-21,18540,18778,37318,13929,14022,27951,3301,3288,6589,678,714,1392,327,311,638,150,148,298,124,223,347,24,49,73,7,23,30
2021-07-22,18984,17392,36376,12983,11618,24601,4077,3583,7660,1161,1152,2313,496,603,1099,161,229,390,68,94,162,29,77,106,9,36,45
2021-07-23,15472,17514,32986,5947,7126,13073,2792,2881,5673,5642,6017,11659,783,940,1723,197,297,494,78,132,210,30,86,116,3,35,38
2021-07-24,14229,14592,28821,733,972,1705,484,453,937,5659,5457,11116,6923,7070,13993,255,315,570,92,119,211,77,157,234,6,49,55
2021-07-25,11594,13837,25431,6905,9093,15998,2925,2764,5689,899,1033,1932,619,619,1238,193,205,398,34,57,91,15,40,55,4,26,30
2021-07-26,17506,21783,39289,5534,6984,12518,4420,5682,10102,4564,5384,9948,2411,2722,5133,364,503,867,143,308,451,62,147,209,8,53,61
2021-07-27,15156,18693,33849,7051,8253,15304,2958,3813,6771,2782,3585,6367,1232,1463,2695,799,884,1683,232,392,624,83,238,321,19,65,84
2021-07-28,17736,20406,38142,15257,17139,32396,1264,1476,2740,718,1016,1734,310,459,769,128,169,297,34,82,116,16,46,62,9,19,28
2021-07-29,18950,18179,37129,15163,14227,29390,1990,1872,3862,1064,1222,2286,481,521,1002,166,173,339,63,76,139,16,51,67,7,37,44
2021-07-30,16556,16332,32888,5777,5325,11102,6058,5874,11932,3355,3453,6808,1043,1160,2203,228,280,508,57,142,199,34,57,91,4,41,45
2021-07-31,14462,11191,25653,1620,1713,3333,7674,6617,14291,4272,2015,6287,626,490,1116,195,187,382,49,78,127,20,61,81,6,30,36
2021-08-01,6332,7729,14061,1416,1886,3302,2816,3488,6304,1375,1418,2793,476,540,1016,183,231,414,47,95,142,16,48,64,3,23,26
2021-08-02,18590,18044,36634,2954,3330,6284,11129,9856,20985,3576,3700,7276,681,749,1430,171,230,401,57,104,161,16,56,72,6,19,25
2021-08-03,16382,15298,31680,8023,7304,15327,2958,2675,5633,2575,2183,4758,2467,2697,5164,282,272,554,55,87,142,15,56,71,7,24,31
2021-08-04,12910,15192,28102,1968,2538,4506,2730,2852,5582,1604,1999,3603,6333,7413,13746,184,232,416,68,93,161,20,47,67,3,18,21
2021-08-05,9145,8925,18070,3700,3472,7172,3597,3390,6987,1265,1283,2548,421,496,917,124,154,278,27,82,109,10,30,40,1,18,19
2021-08-06,4420,5341,9761,662,778,1440,858,779,1637,365,347,712,204,242,446,1109,1469,2578,1191,1653,2844,27,57,84,4,16,20
2021-08-07,10215,14357,24572,1091,894,1985,56,64,120,43,62,105,57,57,114,1297,1870,3167,7567,11188,18755,89,176,265,15,46,61
2021-08-08,9037,12892,21929,3,15,18,10,16,26,9,14,23,28,60,88,5266,7216,12482,3596,5323,8919,108,210,318,17,38,55
2021-08-09,14239,19609,33848,135,157,292,209,213,422,171,234,405,1045,1524,2569,10586,14555,25141,1988,2665,4653,93,217,310,12,44,56
2021-08-10,14321,18931,33252,349,417,766,495,518,1013,1171,827,1998,1344,1797,3141,7264,9791,17055,3558,5286,8844,120,242,362,20,53,73
2021-08-11,14965,16586,31551,1316,1114,2430,287,447,734,301,426,727,2412,2617,5029,8824,9065,17889,1682,2634,4316,127,229,356,16,54,70
2021-08-12,9622,12871,22493,378,424,802,254,288,542,228,272,500,1804,2258,4062,3717,4298,8015,3097,4973,8070,118,292,410,26,66,92
2021-08-13,12987,18069,31056,113,126,239,185,180,365,145,190,335,372,448,820,5564,6927,12491,6265,9297,15562,295,720,1015,48,181,229
2021-08-14,8360,12643,21003,83,132,215,147,216,363,159,309,468,1589,2171,3760,5506,8131,13637,776,1384,2160,82,242,324,18,58,76
2021-08-15,11594,12558,24152,463,555,1018,789,960,1749,1410,1414,2824,6718,7002,13720,1689,1619,3308,430,749,1179,77,192,269,18,67,85
2021-08-16,9262,11736,20998,1400,1568,2968,1128,1237,2365,2472,2904,5376,1881,2309,4190,1076,1380,2456,1148,1906,3054,130,338,468,27,94,121
2021-08-17,16102,13964,30066,7536,6629,14165,6225,5429,11654,1368,1205,2573,784,412,1196,139,178,317,31,65,96,14,40,54,5,6,11
2021-08-18,11429,12281,23710,4840,4588,9428,1409,1741,3150,1193,1365,2558,1751,1866,3617,1696,1699,3395,466,820,1286,65,160,225,9,42,51
2021-08-19,5977,6195,12172,2411,2289,4700,809,791,1600,472,581,1053,1441,1390,2831,577,650,1227,227,399,626,35,74,109,5,21,26
2021-08-20,13191,12283,25474,2488,2552,5040,1508,1139,2647,1204,990,2194,7701,7152,14853,200,238,438,68,149,217,19,51,70,3,12,15
2021-08-21,9349,12112,21461,1585,2113,3698,2262,3334,5596,2185,2934,5119,2833,3082,5915,374,412,786,85,148,233,20,67,87,5,22,27
2021-08-22,9879,11171,21050,1533,1937,3470,5239,5466,10705,1727,2099,3826,952,1114,2066,345,417,762,67,107,174,14,29,43,2,2,4
2021-08-23,17286,15652,32938,7336,6921,14257,7704,6283,13987,1314,1334,2648,672,710,1382,201,250,451,45,98,143,13,38,51,1,18,19
2021-08-24,12436,13186,25622,8978,9231,18209,1910,1801,3711,799,948,1747,538,761,1299,165,273,438,35,108,143,7,46,53,4,18,22
2021-08-25,15662,15753,31415,2347,2387,4734,1156,1530,2686,6748,6386,13134,4875,4729,9604,401,462,863,102,151,253,29,80,109,4,28,32
2021-08-26,15044,17553,32597,1898,2477,4375,914,1298,2212,570,822,1392,3726,3657,7383,6665,6841,13506,1100,1931,3031,139,419,558,32,108,140
2021-08-27,18414,17975,36389,10922,10798,21720,3381,2747,6128,1004,1021,2025,2422,2489,4911,539,637,1176,113,189,302,28,68,96,5,26,31
2021-08-28,11043,13292,24335,8168,10459,18627,1641,1439,3080,774,718,1492,333,439,772,83,113,196,35,89,124,7,29,36,2,6,8
2021-08-29,11431,12773,24204,971,1261,2232,550,702,1252,2012,2098,4110,7412,8002,15414,317,409,726,117,230,347,47,58,105,5,13,18
2021-08-30,15952,16725,32677,4023,3673,7696,2350,2299,4649,3166,2970,6136,3900,3942,7842,1642,2110,3752,742,1296,2038,116,345,461,13,90,103
2021-08-31,15564,17263,32827,11129,12685,23814,1990,1807,3797,1565,1622,3187,625,708,1333,170,254,424,64,114,178,16,55,71,5,18,23
2021-09-01,16001,17092,33093,14426,14359,28785,595,650,1245,377,510,887,265,473,738,235,732,967,88,287,375,14,70,84,1,11,12
2021-09-02,15930,19018,34948,9701,9717,19418,1536,2361,3897,2650,3842,6492,1513,2315,3828,356,495,851,151,211,362,20,68,88,3,9,12
2021-09-03,14643,17155,31798,6077,6119,12196,1625,1738,3363,4313,5736,10049,1612,2140,3752,822,1046,1868,162,280,442,29,72,101,3,24,27
2021-09-04,12135,12035,24170,3293,3305,6598,3434,3170,6604,4724,4760,9484,525,531,1056,114,163,277,38,70,108,6,32,38,1,4,5
2021-09-05,12237,12105,24342,1261,1338,2599,2414,2302,4716,7636,7504,15140,759,728,1487,123,173,296,38,38,76,5,16,21,1,6,7
2021-09-06,16246,15971,32217,1580,1490,3070,663,749,1412,10855,10757,21612,2612,2253,4865,415,504,919,93,143,236,20,62,82,8,13,21
2021-09-07,18111,20111,38222,956,1362,2318,1670,2512,4182,8112,7605,15717,3653,3809,7462,2942,3431,6373,658,1024,1682,94,302,396,26,66,92
2021-09-08,10421,10457,20878,2482,2169,4651,2655,2491,5146,3006,3117,6123,1453,1582,3035,618,661,1279,166,277,443,36,122,158,5,38,43
2021-09-09,15119,14953,30072,2451,2596,5047,9179,8399,17578,2166,2363,4529,1046,1163,2209,214,261,475,47,92,139,13,67,80,3,12,15
2021-09-10,5009,5386,10395,2261,2160,4421,774,950,1724,381,417,798,1188,1301,2489,328,400,728,59,119,178,16,35,51,2,4,6
2021-09-11,3381,3250,6631,679,682,1361,1657,1389,3046,257,295,552,686,755,1441,73,79,152,27,32,59,2,15,17,0,3,3
2021-09-12,858,975,1833,217,280,497,344,332,676,184,216,400,90,112,202,18,20,38,5,12,17,0,2,2,0,1,1
2021-09-13,7383,7264,14647,4358,4519,8877,2634,2306,4940,205,222,427,115,121,236,39,37,76,18,23,41,8,25,33,6,11,17
2021-09-14,6432,7559,13991,485,595,1080,409,466,875,389,448,837,4222,4505,8727,747,1243,1990,153,218,371,24,62,86,3,22,25
2021-09-15,17511,19838,37349,1134,1572,2706,1629,2297,3926,3376,3844,7220,8676,8814,17490,2376,2731,5107,231,406,637,71,135,206,18,39,57
2021-09-16,16587,18902,35489,2376,3388,5764,9570,10091,19661,2391,2573,4964,1356,1660,3016,721,829,1550,129,246,375,36,93,129,8,22,30
2021-09-17,13943,14150,28093,8408,8546,16954,3126,2908,6034,1290,1323,2613,789,864,1653,226,301,527,78,124,202,21,66,87,5,18,23
2021-09-18,12183,13156,25339,8588,8963,17551,2116,2200,4316,908,1135,2043,448,596,1044,95,171,266,18,59,77,8,27,35,2,5,7
2021-09-19,9127,9265,18392,5284,5063,10347,2112,2129,4241,1028,1128,2156,505,553,1058,129,183,312,52,134,186,16,61,77,1,14,15
2021-09-20,7136,6874,14010,3423,3292,6715,2187,1859,4046,846,906,1752,422,449,871,169,201,370,76,122,198,10,37,47,3,8,11
2021-09-21,12299,11453,23752,9973,9242,19215,1340,1068,2408,546,539,1085,288,344,632,108,166,274,30,60,90,11,23,34,3,11,14
2021-09-22,8572,7768,16340,5512,4845,10357,1991,1619,3610,570,587,1157,291,359,650,129,167,296,59,126,185,16,43,59,4,22,26
2021-09-23,5776,5893,11669,3930,4032,7962,1066,950,2016,442,460,902,230,266,496,56,95,151,41,54,95,11,29,40,0,7,7
2021-09-24,5712,5872,11584,2951,3035,5986,1217,1211,2428,975,927,1902,419,437,856,102,141,243,37,70,107,10,36,46,1,15,16
2021-09-25,3668,3060,6728,1127,931,2058,1323,838,2161,569,610,1179,500,534,1034,123,106,229,17,27,44,8,11,19,1,3,4
2021-09-26,12232,11180,23412,673,754,1427,1609,1655,3264,5055,4428,9483,4518,3807,8325,310,365,675,53,105,158,12,56,68,2,10,12
2021-09-27,11831,10903,22734,1842,2205,4047,5408,4706,10114,3150,2636,5786,1176,952,2128,186,245,431,46,86,132,22,53,75,1,20,21
2021-09-28,13935,13854,27789,965,923,1888,9651,8219,17870,1234,1404,2638,790,935,1725,547,758,1305,594,1110,1704,138,408,546,16,97,113
2021-09-29,8681,8538,17219,2535,2731,5266,4394,3787,8181,865,874,1739,543,551,1094,199,242,441,111,223,334,34,103,137,0,27,27
2021-09-30,8503,9802,18305,5315,5695,11010,1110,1372,2482,1050,965,2015,733,1067,1800,226,472,698,54,161,215,14,61,75,1,9,10
2021-10-01,5632,5561,11193,2910,3004,5914,1250,1229,2479,839,705,1544,483,410,893,116,126,242,29,52,81,5,29,34,0,6,6
2021-10-02,2824,2772,5596,1169,1206,2375,833,716,1549,484,468,952,239,210,449,69,92,161,20,48,68,9,25,34,1,7,8
2021-10-03,3153,2735,5888,1490,1299,2789,995,741,1736,407,351,758,155,173,328,80,103,183,18,45,63,7,20,27,1,3,4
2021-10-04,5593,5371,10964,2455,2280,4735,1812,1534,3346,706,706,1412,394,452,846,157,251,408,52,93,145,13,41,54,4,14,18
2021-10-05,3331,3280,6611,1346,1386,2732,924,800,1724,579,554,1133,346,371,717,104,107,211,23,33,56,7,22,29,2,7,9
