FECHA,TotalA,TotalB,Total,<=30A,<=30B,<=30,31-40A,31-40B,31-40,41-50A,41-50B,41-50,51-60A,51-60B,51-60,61-70A,61-70B,61-70,71-80A,71-80B,71-80,81-90A,81-90B,81-90,>=91A,>=91B,>=91
2020-12-29,670,0,670,106,0,106,217,0,217,213,0,213,131,0,131,3,0,3,0,0,0,0,0,0,0,0,0
2020-12-30,784,0,784,144,0,144,250,0,250,240,0,240,147,0,147,3,0,3,0,0,0,0,0,0,0,0,0
2020-12-31,81,0,81,10,0,10,28,0,28,28,0,28,14,0,14,1,0,1,0,0,0,0,0,0,0,0,0
2021-01-01,0,0,0,0,0,0,0,0,0,0,0,0,0,0,0,0,0,0,0,0,0,0,0,0,0,0,0
2021-01-02,383,0,383,42,0,42,149,0,149,114,0,114,76,0,76,2,0,2,0,0,0,0,0,0,0,0,0
2021-01-03,148,0,148,22,0,22,63,0,63,39,0,39,24,0,24,0,0,0,0,0,0,0,0,0,0,0,0
2021-01-04,845,0,845,148,0,148,290,0,290,246,0,246,160,0,160,1,0,1,0,0,0,0,0,0,0,0,0
2021-01-05,1200,0,1200,197,0,197,438,0,438,337,0,337,223,0,223,4,0,4,1,0,1,0,0,0,0,0,0
2021-01-06,1288,0,1288,236,0,236,429,0,429,367,0,367,254,0,254,2,0,2,0,0,0,0,0,0,0,0,0
2021-01-07,1419,0,1419,242,0,242,488,0,488,408,0,408,281,0,281,0,0,0,0,0,0,0,0,0,0,0,0
2021-01-08,1843,0,1843,351,0,351,628,0,628,529,0,529,327,0,327,8,0,8,0,0,0,0,0,0,0,0,0
2021-01-09,439,0,439,54,0,54,172,0,172,138,0,138,75,0,75,0,0,0,0,0,0,0,0,0,0,0,0
2021-01-10,567,0,567,81,0,81,240,0,240,155,0,155,89,0,89,2,0,2,0,0,0,0,0,0,0,0,0
2021-01-11,1849,0,1849,369,0,369,667,0,667,497,0,497,311,0,311,5,0,5,0,0,0,0,0,0,0,0,0
2021-01-12,1679,0,1679,285,0,285,624,0,624,439,0,439,329,0,329,2,0,2,0,0,0,0,0,0,0,0,0
2021-01-13,1355,0,1355,258,0,258,487,0,487,362,0,362,247,0,247,1,0,1,0,0,0,0,0,0,0,0,0
2021-01-14,2214,0,2214,448,0,448,780,0,780,610,0,610,375,0,375,1,0,1,0,0,0,0,0,0,0,0,0
2021-01-15,3412,0,3412,666,0,666,1236,0,1236,919,0,919,588,0,588,3,0,3,0,0,0,0,0,0,0,0,0
2021-01-16,1328,0,1328,249,0,249,503,0,503,362,0,362,214,0,214,0,0,0,0,0,0,0,0,0,0,0,0
2021-01-17,829,0,829,159,0,159,327,0,327,225,0,225,118,0,118,0,0,0,0,0,0,0,0,0,0,0,0
2021-01-18,504,0,504,82,0,82,165,0,165,159,0,159,98,0,98,0,0,0,0,0,0,0,0,0,0,0,0
2021-01-19,399,354,753,64,39,103,139,111,250,113,126,239,83,75,158,0,3,3,0,0,0,0,0,0,0,0,0
2021-01-20,234,562,796,39,88,127,72,187,259,74,171,245,47,115,162,2,1,3,0,0,0,0,0,0,0,0,0
2021-01-21,124,196,320,20,33,53,30,67,97,40,60,100,28,35,63,5,1,6,1,0,1,0,0,0,0,0,0
2021-01-22,19,69,88,5,12,17,3,26,29,5,24,29,4,6,10,1,1,2,1,0,1,0,0,0,0,0,0
2021-01-23,39,279,318,4,27,31,16,108,124,14,85,99,5,58,63,0,1,1,0,0,0,0,0,0,0,0,0
2021-01-24,20,112,132,4,10,14,7,50,57,4,33,37,5,19,24,0,0,0,0,0,0,0,0,0,0,0,0
2021-01-25,85,658,743,17,105,122,21,211,232,28,197,225,18,142,160,1,3,4,0,0,0,0,0,0,0,0,0
2021-01-26,135,902,1037,12,136,148,45,289,334,43,283,326,32,188,220,3,6,9,0,0,0,0,0,0,0,0,0
2021-01-27,118,995,1113,20,171,191,34,331,365,36,278,314,23,214,237,5,1,6,0,0,0,0,0,0,0,0,0
2021-01-28,117,1150,1267,12,209,221,46,379,425,33,320,353,24,242,266,2,0,2,0,0,0,0,0,0,0,0,0
2021-01-29,58,1637,1695,2,288,290,20,597,617,18,471,489,18,273,291,0,8,8,0,0,0,0,0,0,0,0,0
2021-01-30,6,406,412,1,57,58,2,161,163,3,119,122,0,69,69,0,0,0,0,0,0,0,0,0,0,0,0
2021-01-31,1,342,343,0,56,56,0,135,135,0,92,92,1,58,59,0,1,1,0,0,0,0,0,0,0,0,0
2021-02-01,1,1490,1491,0,266,266,0,557,557,0,405,405,1,257,258,0,5,5,0,0,0,0,0,0,0,0,0
2021-02-02,1728,1460,3188,97,260,357,253,501,754,260,385,645,375,313,688,669,1,670,66,0,66,7,0,7,1,0,1
2021-02-03,2355,1225,3580,230,235,465,521,420,941,483,316,799,469,252,721,583,2,585,64,0,64,5,0,5,0,0,0
2021-02-04,1768,1801,3569,145,338,483,377,647,1024,354,504,858,391,312,703,418,0,418,75,0,75,7,0,7,1,0,1
2021-02-05,2814,2810,5624,322,536,858,746,1045,1791,585,729,1314,597,496,1093,463,4,467,94,0,94,7,0,7,0,0,0
2021-02-06,300,950,1250,25,175,200,79,334,413,75,271,346,71,170,241,48,0,48,2,0,2,0,0,0,0,0,0
2021-02-07,374,631,1005,48,96,144,124,226,350,102,200,302,60,109,169,37,0,37,3,0,3,0,0,0,0,0,0
2021-02-08,1177,1285,2462,141,267,408,320,461,781,283,355,638,219,202,421,192,0,192,21,0,21,1,0,1,0,0,0
2021-02-09,1981,942,2923,312,171,483,553,322,875,418,271,689,406,178,584,266,0,266,21,0,21,5,0,5,0,0,0
2021-02-10,1020,550,1570,149,99,248,265,194,459,254,155,409,212,102,314,121,0,121,16,0,16,3,0,3,0,0,0
2021-02-11,1114,406,1520,171,81,252,339,153,492,258,108,366,211,58,269,114,6,120,20,0,20,1,0,1,0,0,0
2021-02-12,911,564,1475,132,101,233,301,202,503,223,174,397,144,86,230,87,1,88,21,0,21,3,0,3,0,0,0
2021-02-13,31,41,72,4,6,10,9,19,28,8,7,15,8,9,17,1,0,1,1,0,1,0,0,0,0,0,0
2021-02-14,1,30,31,0,9,9,0,10,10,1,9,10,0,2,2,0,0,0,0,0,0,0,0,0,0,0,0
2021-02-15,0,0,0,0,0,0,0,0,0,0,0,0,0,0,0,0,0,0,0,0,0,0,0,0,0,0,0
2021-02-16,6,41,47,0,2,2,5,21,26,1,14,15,0,3,3,0,0,0,0,1,1,0,0,0,0,0,0
2021-02-17,1998,313,2311,302,55,357,580,121,701,508,94,602,391,41,432,201,2,203,16,0,16,0,0,0,0,0,0
2021-02-18,5452,302,5754,707,54,761,1469,109,1578,1310,97,1407,1112,37,1149,655,5,660,174,0,174,25,0,25,0,0,0
2021-02-19,5296,204,5500,692,40,732,1495,72,1567,1359,55,1414,1009,36,1045,547,1,548,169,0,169,22,0,22,3,0,3
2021-02-20,1228,15,1243,125,4,129,403,8,411,302,3,305,238,0,238,135,0,135,24,0,24,1,0,1,0,0,0
2021-02-21,831,1,832,100,0,100,279,1,280,211,0,211,165,0,165,63,0,63,11,0,11,2,0,2,0,0,0
2021-02-22,9527,139,9666,617,24,641,1165,51,1216,930,41,971,778,23,801,626,0,626,928,0,928,3890,0,3890,593,0,593
2021-02-23,9714,1642,11356,666,113,779,1296,246,1542,1147,282,1429,836,327,1163,488,603,1091,785,65,850,3884,5,3889,612,1,613
2021-02-24,9841,1820,11661,575,146,721,1208,397,1605,1043,370,1413,717,362,1079,411,480,891,957,60,1017,4263,5,4268,667,0,667
2021-02-25,9750,1834,11584,588,179,767,1234,381,1615,996,395,1391,774,385,1159,419,420,839,842,66,908,4185,7,4192,712,1,713
2021-02-26,9259,2522,11781,546,266,812,1064,601,1665,821,513,1334,686,567,1253,387,473,860,794,95,889,4206,7,4213,755,0,755
2021-02-27,1513,117,1630,99,15,114,194,34,228,184,26,210,140,27,167,144,15,159,193,0,193,413,0,413,146,0,146
2021-02-28,364,144,508,15,17,32,28,60,88,18,34,52,13,17,30,53,15,68,52,1,53,118,0,118,67,0,67
2021-03-01,8046,1120,9166,216,129,345,485,308,793,363,260,623,332,216,548,257,186,443,897,21,918,4764,0,4764,732,0,732
2021-03-02,7690,1232,8922,261,166,427,444,291,735,338,264,602,233,269,502,283,217,500,922,20,942,4490,5,4495,719,0,719
2021-03-03,7073,1630,8703,171,220,391,361,484,845,315,402,717,215,332,547,200,174,374,810,14,824,4244,4,4248,757,0,757
2021-03-04,2969,1189,4158,246,197,443,429,360,789,362,248,610,249,221,470,212,135,347,294,28,322,1006,0,1006,171,0,171
2021-03-05,2556,1168,3724,181,160,341,479,347,826,449,296,745,354,212,566,208,129,337,196,22,218,575,2,577,114,0,114
2021-03-06,2868,119,2987,264,15,279,661,40,701,613,31,644,504,26,530,78,6,84,210,1,211,394,0,394,144,0,144
2021-03-07,2703,12,2715,225,1,226,628,8,636,601,2,603,483,0,483,78,1,79,200,0,200,326,0,326,162,0,162
2021-03-08,4434,356,4790,300,47,347,530,99,629,437,88,525,415,73,488,363,42,405,482,5,487,1533,2,1535,374,0,374
2021-03-09,10422,190,10612,432,31,463,938,81,1019,765,40,805,730,25,755,614,12,626,1088,1,1089,4960,0,4960,895,0,895
2021-03-10,12221,554,12775,659,73,732,1366,146,1512,1319,129,1448,1204,139,1343,497,61,558,1044,6,1050,5210,0,5210,922,0,922
2021-03-11,13893,3623,17516,906,419,1325,1883,896,2779,1945,807,2752,1390,758,2148,341,563,904,1027,156,1183,5550,24,5574,851,0,851
2021-03-12,9511,4620,14131,873,611,1484,2135,1229,3364,2047,1164,3211,1530,912,2442,222,528,750,402,157,559,1925,18,1943,377,1,378
2021-03-13,5780,827,6607,902,77,979,1686,241,1927,1567,214,1781,1086,176,1262,115,104,219,96,13,109,242,2,244,86,0,86
2021-03-14,4270,729,4999,539,71,610,1167,242,1409,1315,201,1516,1032,146,1178,154,59,213,56,9,65,7,1,8,0,0,0
2021-03-15,7627,4329,11956,694,595,1289,1630,1231,2861,1664,1057,2721,1382,813,2195,357,450,807,384,155,539,1321,26,1347,195,2,197
2021-03-16,9657,3733,13390,595,516,1111,1305,1089,2394,1388,897,2285,1185,705,1890,516,418,934,855,95,950,3392,11,3403,421,2,423
2021-03-17,9303,4133,13436,424,552,976,1137,1190,2327,1145,1053,2198,952,721,1673,678,421,1099,933,167,1100,3559,27,3586,475,2,477
2021-03-18,10932,3336,14268,795,448,1243,1745,938,2683,1628,832,2460,1377,645,2022,543,375,918,1057,78,1135,3264,19,3283,523,1,524
2021-03-19,10681,3417,14098,875,483,1358,1881,972,2853,1811,842,2653,1431,701,2132,299,343,642,747,66,813,2951,10,2961,686,0,686
2021-03-20,6562,569,7131,231,61,292,523,161,684,499,157,656,544,124,668,1482,53,1535,996,12,1008,1879,1,1880,408,0,408
2021-03-21,4662,479,5141,20,67,87,51,154,205,30,94,124,215,75,290,1999,59,2058,1082,24,1106,1034,6,1040,231,0,231
2021-03-22,3817,2769,6586,101,365,466,153,855,1008,194,630,824,360,516,876,1732,293,2025,1054,100,1154,185,10,195,38,0,38
2021-03-23,7565,2435,10000,84,309,393,144,706,850,166,588,754,260,407,667,1010,270,1280,1072,126,1198,3845,29,3874,984,0,984
2021-03-24,5694,296,5990,8,15,23,13,27,40,10,27,37,84,16,100,655,149,804,947,54,1001,3318,8,3326,659,0,659
2021-03-25,4938,1480,6418,185,246,431,357,468,825,344,343,687,267,217,484,136,114,250,701,66,767,2424,22,2446,524,4,528
2021-03-26,2327,1427,3754,10,125,135,34,274,308,26,227,253,34,196,230,107,401,508,386,190,576,1328,14,1342,402,0,402
2021-03-27,2547,55,2602,5,3,8,6,14,20,3,13,16,14,13,27,51,6,57,475,6,481,1568,0,1568,425,0,425
2021-03-28,2568,28,2596,6,0,6,7,3,10,6,5,11,16,5,21,61,9,70,396,5,401,1576,1,1577,500,0,500
2021-03-29,7135,1026,8161,588,142,730,1232,288,1520,1050,201,1251,825,200,1025,270,169,439,614,22,636,1955,4,1959,601,0,601
2021-03-30,9156,1249,10405,263,157,420,603,302,905,519,248,767,3204,229,3433,1792,224,2016,985,80,1065,1340,9,1349,450,0,450
2021-03-31,11739,951,12690,609,152,761,1449,287,1736,1369,147,1516,576,161,737,230,153,383,5171,48,5219,1756,3,1759,579,0,579
2021-04-01,11966,155,12121,39,14,53,68,43,111,1547,30,1577,1116,25,1141,235,35,270,7415,8,7423,1213,0,1213,333,0,333
2021-04-02,11632,1,11633,4,0,4,8,0,8,2646,0,2646,21,1,22,41,0,41,7818,0,7818,885,0,885,209,0,209
2021-04-03,9836,1,9837,9,0,9,8,1,9,16,0,16,15,0,15,20,0,20,9221,0,9221,399,0,399,148,0,148
2021-04-04,2815,39,2854,0,0,0,2,0,2,8,1,9,3,5,8,9,25,34,2755,8,2763,22,0,22,16,0,16
2021-04-05,15185,708,15893,139,78,217,110,167,277,148,139,287,143,138,281,192,141,333,13938,40,13978,388,5,393,127,0,127
2021-04-06,17391,488,17879,165,90,255,209,146,355,131,91,222,102,84,186,238,60,298,15644,17,15661,705,0,705,197,0,197
2021-04-07,18881,606,19487,158,55,213,276,116,392,163,86,249,116,105,221,1262,203,1465,15594,40,15634,1072,1,1073,240,0,240
2021-04-08,20347,250,20597,278,51,329,419,64,483,229,33,262,203,52,255,3731,30,3761,15021,10,15031,366,8,374,100,2,102
2021-04-09,17895,748,18643,258,120,378,384,228,612,231,151,382,174,103,277,3092,107,3199,13110,34,13144,476,5,481,170,0,170
2021-04-10,6540,1330,7870,17,140,157,26,189,215,13,185,198,20,156,176,1228,435,1663,5112,204,5316,89,19,108,35,2,37
2021-04-11,6205,1330,7535,2,154,156,6,273,279,3,213,216,8,223,231,1153,356,1509,4920,98,5018,79,12,91,34,1,35
2021-04-12,19826,827,20653,296,78,374,416,117,533,244,100,344,199,106,305,3622,299,3921,14674,107,14781,270,20,290,105,0,105
2021-04-13,15260,4206,19466,282,112,394,380,188,568,328,126,454,227,340,567,3116,2269,5385,10466,1130,11596,345,40,385,116,1,117
2021-04-14,11724,4687,16411,297,12,309,336,12,348,323,19,342,127,7,134,1814,28,1842,8188,1584,9772,506,2618,3124,133,407,540
2021-04-15,4774,4227,9001,181,2,183,138,4,142,102,2,104,86,3,89,756,3355,4111,3198,822,4020,245,33,278,68,6,74
2021-04-16,9145,403,9548,128,5,133,68,7,75,60,6,66,26,8,34,1455,15,1470,6123,312,6435,1032,47,1079,253,3,256
2021-04-17,805,1,806,30,0,30,42,0,42,69,1,70,68,0,68,83,0,83,412,0,412,75,0,75,26,0,26
2021-04-18,308,2,310,22,0,22,38,0,38,62,1,63,72,0,72,26,0,26,31,1,32,38,0,38,19,0,19
2021-04-19,10364,50,10414,182,7,189,69,8,77,61,6,67,16,11,27,1164,7,1171,7197,7,7204,1373,3,1376,302,1,303
2021-04-20,10940,5826,16766,218,8,226,129,21,150,142,12,154,558,956,1514,5223,2730,7953,3338,713,4051,1060,864,1924,272,522,794
2021-04-21,20455,54,20509,112,18,130,83,11,94,80,12,92,294,6,300,18690,5,18695,954,1,955,174,0,174,68,1,69
2021-04-22,24004,5,24009,94,0,94,84,1,85,83,1,84,108,2,110,22439,0,22439,962,1,963,193,0,193,41,0,41
2021-04-23,23388,22,23410,72,1,73,100,2,102,120,6,126,137,9,146,22083,3,22086,608,1,609,192,0,192,76,0,76
2021-04-24,6434,0,6434,14,0,14,13,0,13,31,0,31,40,0,40,5811,0,5811,403,0,403,92,0,92,30,0,30
2021-04-25,205,0,205,4,0,4,7,0,7,17,0,17,16,0,16,136,0,136,11,0,11,8,0,8,6,0,6
2021-04-26,3877,12,3889,17,2,19,25,1,26,15,4,19,19,2,21,3329,2,3331,350,0,350,90,1,91,32,0,32
2021-04-27,4199,51,4250,144,4,148,122,19,141,101,9,110,87,5,92,2566,9,2575,949,4,953,187,1,188,43,0,43
2021-04-28,6210,16913,23123,177,2384,2561,224,5641,5865,147,4994,5141,99,3876,3975,4871,12,4883,522,4,526,128,2,130,42,0,42
2021-04-29,7022,12692,19714,195,1581,1776,208,4070,4278,125,3907,4032,113,3115,3228,5411,6,5417,663,10,673,223,1,224,84,2,86
2021-04-30,3297,23,3320,195,1,196,272,1,273,138,7,145,103,4,107,1941,6,1947,479,3,482,117,0,117,52,1,53
2021-05-01,1256,359,1615,1,43,44,2,161,163,3,81,84,6,59,65,890,14,904,248,1,249,75,0,75,31,0,31
2021-05-02,2251,11903,14154,60,1190,1250,102,2886,2988,55,2833,2888,94,2172,2266,1518,26,1544,286,2748,3034,95,42,137,41,6,47
2021-05-03,14349,5412,19761,148,13,161,253,15,268,124,17,141,1974,11,1985,11368,24,11392,348,5122,5470,92,175,267,42,35,77
2021-05-04,25459,401,25860,212,5,217,268,6,274,139,8,147,4448,1,4449,19981,35,20016,259,323,582,99,22,121,53,1,54
2021-05-05,8576,17418,25994,295,16,311,373,31,404,348,19,367,1205,39,1244,5976,1769,7745,195,14647,14842,132,760,892,52,137,189
2021-05-06,6043,2948,8991,208,2,210,267,5,272,249,6,255,842,8,850,4030,358,4388,305,2472,2777,105,77,182,37,20,57
2021-05-07,3026,18056,21082,173,251,424,258,489,747,140,443,583,419,348,767,1783,2415,4198,165,13740,13905,45,301,346,43,69,112
2021-05-08,2695,15008,17703,0,1799,1799,1,3972,3973,2,5111,5113,365,3839,4204,2306,60,2366,10,152,162,10,44,54,1,31,32
2021-05-09,128,236,364,0,0,0,0,0,0,0,1,1,24,10,34,104,47,151,0,36,36,0,87,87,0,55,55
2021-05-10,2352,996,3348,67,1,68,84,1,85,68,4,72,397,4,401,1696,41,1737,28,632,660,9,226,235,3,87,90
2021-05-11,6728,498,7226,49,8,57,77,15,92,73,15,88,1357,17,1374,5037,48,5085,100,218,318,24,116,140,11,61,72
2021-05-12,6995,993,7988,46,23,69,72,36,108,68,38,106,1442,37,1479,5195,90,5285,136,410,546,29,261,290,7,98,105
2021-05-13,2729,5584,8313,43,122,165,90,242,332,63,177,240,339,158,497,1954,649,2603,160,3856,4016,59,280,339,21,100,121
2021-05-14,2683,1724,4407,135,20,155,254,27,281,154,58,212,341,65,406,1499,563,2062,200,748,948,80,156,236,20,87,107
2021-05-15,11190,400,11590,52,11,63,98,8,106,66,14,80,2389,13,2402,8369,85,8454,137,133,270,65,87,152,14,49,63
2021-05-16,2992,190,3182,241,9,250,907,2,909,955,8,963,565,13,578,265,19,284,46,21,67,11,77,88,2,41,43
2021-05-17,7545,1079,8624,85,58,143,502,92,594,277,121,398,1488,133,1621,4888,134,5022,206,410,616,76,78,154,23,53,76
2021-05-18,8118,368,8486,73,9,82,127,13,140,125,20,145,1696,13,1709,5842,90,5932,173,126,299,60,64,124,22,33,55
2021-05-19,5708,1099,6807,10,132,142,20,306,326,18,145,163,1176,95,1271,4132,130,4262,232,233,465,85,42,127,35,16,51
2021-05-20,21748,786,22534,74,143,217,128,262,390,106,162,268,6143,98,6241,13046,50,13096,1568,34,1602,568,19,587,115,18,133
2021-05-21,2307,4240,6547,79,287,366,198,539,737,72,436,508,117,327,444,1005,278,1283,644,2269,2913,147,87,234,45,17,62
2021-05-22,3434,218,3652,112,17,129,80,24,104,66,20,86,448,21,469,2184,17,2201,425,112,537,96,5,101,23,2,25
2021-05-23,4737,2,4739,71,0,71,93,0,93,66,0,66,2097,0,2097,2068,1,2069,234,0,234,85,0,85,23,1,24
2021-05-24,1767,501,2268,33,86,119,42,157,199,35,105,140,404,60,464,1125,28,1153,102,53,155,21,9,30,5,3,8
2021-05-25,1580,11528,13108,24,9,33,11,12,23,12,7,19,344,7,351,1016,4,1020,122,1194,1316,41,8922,8963,10,1373,1383
2021-05-26,2533,3154,5687,53,30,83,68,57,125,53,55,108,1976,61,2037,250,285,535,54,428,482,53,1883,1936,26,355,381
2021-05-27,5710,18670,24380,117,63,180,105,156,261,103,154,257,5063,74,5137,223,271,494,50,1837,1887,29,13930,13959,20,2185,2205
2021-05-28,13637,11772,25409,149,115,264,186,232,418,418,145,563,12494,75,12569,270,202,472,62,1276,1338,39,8355,8394,19,1372,1391
2021-05-29,16348,974,17322,7,5,12,19,3,22,1098,7,1105,14687,5,14692,417,4,421,93,114,207,19,734,753,8,102,110
2021-05-30,15788,91,15879,16,1,17,15,2,17,3319,0,3319,12218,0,12218,161,1,162,41,10,51,15,63,78,3,14,17
2021-05-31,21455,5472,26927,101,172,273,149,301,450,12176,237,12413,8549,375,8924,311,1172,1483,89,466,555,51,2293,2344,29,456,485
2021-06-01,20706,3024,23730,404,47,451,937,82,1019,14375,63,14438,4667,43,4710,217,72,289,60,380,440,30,2001,2031,16,336,352
2021-06-02,19916,2016,21932,1257,14,1271,4279,28,4307,9278,27,9305,4600,25,4625,337,58,395,104,243,347,38,1250,1288,23,371,394
2021-06-03,30644,1521,32165,8031,23,8054,13166,31,13197,7620,50,7670,1391,33,1424,298,73,371,83,200,283,36,882,918,19,229,248
2021-06-04,28140,1367,29507,6508,46,6554,9471,45,9516,7090,76,7166,2368,42,2410,2025,195,2220,477,356,833,155,470,625,46,137,183
2021-06-05,20056,1125,21181,5029,16,5045,8695,22,8717,3547,25,3572,1344,36,1380,1079,316,1395,223,207,430,102,369,471,37,134,171
2021-06-06,17551,652,18203,7070,1,7071,7890,0,7890,1651,2,1653,793,6,799,102,55,157,31,157,188,10,268,278,4,163,167
2021-06-07,26846,958,27804,6393,49,6442,5929,121,6050,6342,91,6433,7171,56,7227,732,50,782,184,160,344,75,276,351,20,155,175
2021-06-08,27789,1886,29675,2485,11,2496,3382,17,3399,3516,11,3527,18002,17,18019,253,92,345,103,418,521,38,1006,1044,10,314,324
2021-06-09,25350,386,25736,672,1,673,1320,3,1323,1261,3,1264,21803,6,21809,199,25,224,58,84,142,25,153,178,12,111,123
2021-06-10,28814,416,29230,1623,3,1626,2261,2,2263,3921,4,3925,20185,12,20197,609,56,665,150,94,244,48,155,203,17,90,107
2021-06-11,5444,20157,25601,395,40,435,704,72,776,1355,56,1411,2804,75,2879,121,256,377,35,2350,2385,20,15186,15206,10,2122,2132
2021-06-12,11495,2695,14190,1028,4,1032,1402,5,1407,2896,11,2907,6079,36,6115,53,78,131,23,417,440,10,1744,1754,4,400,404
2021-06-13,8391,121,8512,457,0,457,609,4,613,1868,3,1871,5361,0,5361,73,4,77,16,15,31,5,82,87,2,13,15
2021-06-14,11989,798,12787,1592,10,1602,2090,12,2102,2687,14,2701,5471,10,5481,94,21,115,32,103,135,14,523,537,9,105,114
2021-06-15,26217,1411,27628,259,39,298,424,67,491,842,46,888,24108,51,24159,383,57,440,109,344,453,62,680,742,30,127,157
2021-06-16,8125,9738,17863,689,364,1053,1304,588,1892,2550,1352,3902,3352,943,4295,125,253,378,54,4600,4654,32,1267,1299,19,371,390
2021-06-17,16234,9611,25845,432,50,482,788,90,878,5870,340,6210,8346,146,8492,545,666,1211,155,6659,6814,74,1273,1347,24,387,411
2021-06-18,27206,2451,29657,1465,23,1488,2139,47,2186,16370,81,16451,6443,60,6503,563,383,946,133,1153,1286,62,536,598,31,168,199
2021-06-19,21097,1110,22207,505,10,515,382,14,396,16725,21,16746,2878,23,2901,453,83,536,104,215,319,39,495,534,11,249,260
2021-06-20,8,2,10,2,0,2,2,0,2,3,0,3,0,1,1,0,1,1,1,0,1,0,0,0,0,0,0
2021-06-21,11605,546,12151,32,15,47,62,35,97,9985,83,10068,1174,105,1279,252,95,347,76,85,161,19,90,109,5,38,43
2021-06-22,9129,1183,10312,257,158,415,249,251,500,4402,167,4569,3013,226,3239,813,118,931,254,104,358,101,101,202,40,58,98
2021-06-23,18031,1199,19230,232,150,382,326,227,553,15272,183,15455,1796,236,2032,268,96,364,84,101,185,35,150,185,18,56,74
2021-06-24,33643,1246,34889,466,149,615,4576,241,4817,25973,144,26117,2079,188,2267,400,147,547,109,234,343,34,105,139,6,38,44
2021-06-25,17475,14233,31708,1557,34,1591,3731,33,3764,9695,81,9776,1697,388,2085,583,10212,10795,157,2667,2824,45,652,697,10,166,176
2021-06-26,2909,18440,21349,32,48,80,27,65,92,1612,71,1683,915,351,1266,232,15357,15589,68,1941,2009,17,484,501,6,123,129
2021-06-27,11522,5659,17181,13,161,174,33,188,221,6814,312,7126,4304,1301,5605,260,2024,2284,71,1306,1377,24,304,328,3,63,66
2021-06-28,34286,2754,37040,2220,149,2369,2763,266,3029,26555,194,26749,2268,275,2543,347,1366,1713,85,319,404,41,108,149,7,77,84
2021-06-29,33544,3409,36953,391,166,557,1036,248,1284,30500,199,30699,1170,375,1545,319,1443,1762,99,567,666,21,322,343,8,89,97
2021-06-30,36119,2802,38921,339,26,365,10040,29,10069,23920,24,23944,1305,34,1339,342,2358,2700,102,195,297,44,87,131,27,49,76
2021-07-01,22558,3640,26198,300,37,337,9540,45,9585,10725,76,10801,1394,624,2018,388,1520,1908,119,814,933,65,402,467,27,122,149
2021-07-02,11678,16507,28185,1659,121,1780,5916,204,6120,3079,186,3265,642,238,880,226,1988,2214,89,1764,1853,52,9931,9983,15,2075,2090
2021-07-03,17871,5394,23265,40,26,66,11315,68,11383,5222,64,5286,945,130,1075,250,704,954,73,894,967,21,2885,2906,5,623,628
2021-07-04,20278,502,20780,1360,0,1360,17644,7,17651,876,2,878,246,12,258,102,118,220,33,104,137,15,167,182,2,92,94
2021-07-05,7861,2713,10574,635,38,673,6487,56,6543,461,74,535,174,97,271,51,730,781,30,618,648,14,874,888,9,226,235
2021-07-06,23449,1748,25197,1055,36,1091,21412,67,21479,499,103,602,298,137,435,116,278,394,51,271,322,11,667,678,7,189,196
2021-07-07,10048,1936,11984,280,39,319,7465,72,7537,1522,86,1608,552,105,657,148,221,369,50,412,462,23,807,830,8,194,202
2021-07-08,34416,734,35150,877,25,902,27304,58,27362,4287,76,4363,1327,123,1450,416,226,642,131,66,197,51,127,178,23,33,56
2021-07-09,24777,1120,25897,1385,17,1402,16901,28,16929,4379,39,4418,1603,75,1678,348,336,684,119,542,661,36,64,100,6,19,25
2021-07-10,19992,2272,22264,3173,50,3223,15695,99,15794,718,96,814,254,157,411,105,908,1013,29,649,678,16,254,270,2,59,61
2021-07-11,2236,3578,5814,368,253,621,1768,590,2358,55,488,543,26,247,273,9,55,64,4,314,318,5,1363,1368,1,268,269
2021-07-12,33320,646,33966,5984,14,5998,25705,25,25730,937,37,974,474,32,506,147,132,279,45,142,187,19,209,228,9,55,64
2021-07-13,18888,217,19105,3404,16,3420,13327,18,13345,1357,30,1387,524,27,551,186,16,202,65,40,105,18,41,59,7,29,36
2021-07-14,6544,250,6794,1319,34,1353,4139,50,4189,641,34,675,293,34,327,104,15,119,27,37,64,15,27,42,6,19,25
2021-07-15,3297,30375,33672,708,427,1135,1770,1890,3660,464,13477,13941,236,3328,3564,76,1781,1857,33,6317,6350,7,2574,2581,3,581,584
2021-07-16,2756,30840,33596,636,129,765,1506,2505,4011,346,14986,15332,175,998,1173,54,296,350,23,10115,10138,13,1462,1475,3,349,352
2021-07-17,15915,9738,25653,3061,93,3154,9642,892,10534,2002,6732,8734,857,774,1631,259,251,510,58,739,797,30,204,234,6,53,59
2021-07-18,14273,8913,23186,6766,24,6790,5380,160,5540,1378,5857,7235,514,2383,2897,168,234,402,45,157,202,19,77,96,3,21,24
2021-07-19,7520,27079,34599,4524,1465,5989,1841,2190,4031,641,20219,20860,336,1867,2203,112,313,425,35,310,345,25,555,580,6,160,166
2021-07-20,22392,15761,38153,15553,377,15930,4621,799,5420,1297,12781,14078,602,890,1492,224,204,428,64,388,452,25,251,276,6,71,77
2021-07-21,36688,782,37470,27959,50,28009,6566,67,6633,1202,203,1405,610,47,657,243,66,309,90,262,352,15,59,74,3,28,31
2021-07-22,36174,314,36488,24634,9,24643,7658,28,7686,2303,33,2336,1089,24,1113,338,58,396,105,58,163,39,67,106,8,37,45
2021-07-23,19285,13807,33092,12787,301,13088,3857,1845,5702,1427,10275,11702,806,928,1734,287,213,500,81,130,211,34,83,117,6,32,38
2021-07-24,1307,27570,28877,1130,583,1713,83,863,946,28,11102,11130,30,13982,14012,17,557,574,7,205,212,7,227,234,5,51,56
2021-07-25,25322,123,25445,15998,1,15999,5686,8,5694,1920,14,1934,1230,13,1243,390,9,399,60,31,91,27,28,55,11,19,30
2021-07-26,8918,30518,39436,7369,5183,12552,751,9377,10128,408,9584,9992,265,4892,5157,91,789,880,20,437,457,11,198,209,3,58,61
2021-07-27,14201,19847,34048,11768,3594,15362,1281,5540,6821,637,5775,6412,320,2400,2720,127,1570,1697,50,585,635,15,313,328,3,70,73
2021-07-28,37673,587,38260,32398,40,32438,2666,100,2766,1489,268,1757,746,38,784,251,51,302,76,41,117,32,33,65,15,16,31
2021-07-29,35818,1424,37242,29310,129,29439,3593,298,3891,1648,651,2299,842,170,1012,263,83,346,89,53,142,41,28,69,32,12,44
2021-07-30,14270,18696,32966,9774,1357,11131,2427,9521,11948,1209,5615,6824,570,1639,2209,178,336,514,57,146,203,39,52,91,16,30,46
2021-07-31,509,25202,25711,322,3020,3342,87,14232,14319,45,6252,6297,21,1102,1123,20,366,386,9,118,127,4,77,81,1,35,36
2021-08-01,55,14082,14137,14,3309,3323,11,6311,6322,8,2803,2811,6,1021,1027,3,416,419,5,137,142,5,60,65,3,25,28
2021-08-02,4082,32623,36705,2224,4079,6303,854,20161,21015,556,6730,7286,285,1153,1438,97,307,404,44,117,161,17,55,72,5,21,26
2021-08-03,11580,20235,31815,10245,5149,15394,556,5107,5663,403,4368,4771,192,4986,5178,94,469,563,42,102,144,31,40,71,17,14,31
2021-08-04,3072,25132,28204,1473,3065,4538,732,4868,5600,453,3172,3625,231,13536,13767,94,328,422,59,105,164,20,47,67,10,11,21
2021-08-05,8625,9482,18107,5937,1252,7189,1323,5673,6996,737,1817,2554,401,517,918,142,136,278,57,56,113,19,21,40,9,10,19
2021-08-06,2010,7814,9824,1122,332,1454,371,1279,1650,279,438,717,143,311,454,54,2532,2586,37,2823,2860,4,79,83,0,20,20
2021-08-07,2259,22439,24698,1974,21,1995,101,28,129,84,27,111,41,80,121,21,3163,3184,17,18814,18831,11,255,266,10,51,61
2021-08-08,33,22031,22064,10,14,24,2,27,29,3,23,26,3,87,90,9,12538,12547,3,8968,8971,1,320,321,2,54,56
2021-08-09,358,33605,33963,130,164,294,83,344,427,52,355,407,29,2546,2575,25,25183,25208,20,4664,4684,11,300,311,8,49,57
2021-08-10,417,32987,33404,193,578,771,76,949,1025,68,1949,2017,40,3116,3156,16,17089,17105,12,8880,8892,10,353,363,2,73,75
2021-08-11,2431,29244,31675,2242,199,2441,64,672,736,42,690,732,27,5031,5058,31,17910,17941,16,4324,4340,9,347,356,0,71,71
2021-08-12,473,22134,22607,173,640,813,104,439,543,87,417,504,53,4030,4083,24,8027,8051,14,8090,8104,9,407,416,9,84,93
2021-08-13,181,31143,31324,65,181,246,47,322,369,29,311,340,16,810,826,6,12600,12606,6,15677,15683,10,1015,1025,2,227,229
2021-08-14,26,21132,21158,4,216,220,4,365,369,4,469,473,1,3778,3779,4,13727,13731,2,2177,2179,4,323,327,3,77,80
2021-08-15,27,24240,24267,5,1016,1021,6,1756,1762,5,2830,2835,6,13761,13767,3,3329,3332,1,1193,1194,1,269,270,0,86,86
2021-08-16,13668,7647,21315,2782,225,3007,2098,294,2392,4164,1282,5446,2944,1327,4271,1073,1443,2516,378,2699,3077,187,296,483,42,81,123
2021-08-17,29150,1072,30222,14180,31,14211,11653,67,11720,2392,210,2602,502,706,1208,278,39,317,86,13,99,48,6,54,11,0,11
2021-08-18,13584,10252,23836,8892,568,9460,2087,1083,3170,1326,1247,2573,769,2863,3632,319,3098,3417,123,1179,1302,59,171,230,9,43,52
2021-08-19,5077,7165,12242,3989,727,4716,463,1145,1608,343,714,1057,207,2637,2844,50,1190,1240,17,623,640,7,104,111,1,25,26
2021-08-20,6136,19503,25639,4614,449,5063,679,1999,2678,431,1790,2221,275,14637,14912,87,372,459,29,191,220,18,53,71,3,12,15
2021-08-21,549,20988,21537,274,3430,3704,106,5500,5606,77,5059,5136,42,5893,5935,28,769,797,13,231,244,6,82,88,3,24,27
2021-08-22,59,21084,21143,22,3462,3484,7,10731,10738,8,3842,3850,7,2076,2083,10,755,765,5,171,176,0,43,43,0,4,4
2021-08-23,13491,19552,33043,11397,2898,14295,944,13075,14019,618,2042,2660,342,1053,1395,127,330,457,42,104,146,15,37,52,6,13,19
2021-08-24,1743,23944,25687,833,17409,18242,422,3301,3723,283,1469,1752,131,1174,1305,54,390,444,10,136,146,7,46,53,3,19,22
2021-08-25,2013,29551,31564,1163,3610,4773,370,2345,2715,269,12901,13170,133,9500,9633,45,830,875,19,235,254,10,100,110,4,30,34
2021-08-26,1284,31592,32876,554,3841,4395,305,1935,2240,213,1205,1418,120,7306,7426,34,13584,13618,29,3038,3067,21,547,568,8,136,144
2021-08-27,925,35641,36566,420,21338,21758,203,5950,6153,131,1910,2041,82,4878,4960,34,1181,1215,29,280,309,14,85,99,12,19,31
2021-08-28,51,24383,24434,14,18671,18685,11,3090,3101,6,1493,1499,10,770,780,2,195,197,3,123,126,3,35,38,2,6,8
2021-08-29,66,24279,24345,27,2218,2245,13,1252,1265,18,4122,4140,4,15477,15481,3,735,738,1,352,353,0,105,105,0,18,18
2021-08-30,17816,15037,32853,7406,318,7724,4019,663,4682,3477,2692,6169,1942,5933,7875,600,3182,3782,251,1804,2055,100,362,462,21,83,104
2021-08-31,11354,21785,33139,5408,18483,23891,2570,1331,3901,2109,1151,3260,807,563,1370,291,147,438,113,68,181,41,32,73,15,10,25
2021-09-01,1891,31316,33207,697,28156,28853,348,917,1265,404,494,898,247,496,743,100,875,975,59,318,377,31,53,84,5,7,12
2021-09-02,1904,33157,35061,1621,17834,19455,138,3778,3916,74,6441,6515,36,3806,3842,21,841,862,9,361,370,5,84,89,0,12,12
2021-09-03,1217,30735,31952,615,11618,12233,270,3115,3385,163,9937,10100,107,3670,3777,36,1844,1880,16,431,447,7,96,103,3,24,27
2021-09-04,892,23333,24225,362,6243,6605,216,6408,6624,160,9343,9503,78,984,1062,48,231,279,21,87,108,5,34,39,2,3,5
2021-09-05,896,23507,24403,376,2224,2600,235,4495,4730,162,15014,15176,72,1423,1495,37,260,297,7,69,76,6,16,22,1,6,7
2021-09-06,1225,31082,32307,571,2518,3089,321,1096,1417,181,21476,21657,95,4781,4876,42,883,925,12,228,240,1,81,82,2,19,21
2021-09-07,1086,37342,38428,492,1847,2339,318,3890,4208,167,15607,15774,72,7420,7492,19,6401,6420,9,1687,1696,7,398,405,2,92,94
2021-09-08,6851,14273,21124,3869,844,4713,1510,3708,5218,811,5377,6188,399,2669,3068,148,1142,1290,65,380,445,41,117,158,8,36,44
2021-09-09,2772,27508,30280,1379,3707,5086,727,16938,17665,373,4206,4579,179,2056,2235,70,408,478,26,116,142,15,65,80,3,12,15
2021-09-10,2146,8346,10492,1093,3363,4456,550,1195,1745,286,528,814,148,2355,2503,47,687,734,19,163,182,3,49,52,0,6,6
2021-09-11,816,5848,6664,807,562,1369,5,3052,3057,2,553,555,0,1449,1449,2,152,154,0,60,60,0,17,17,0,3,3
2021-09-12,35,1807,1842,21,479,500,5,674,679,3,399,402,3,200,203,1,37,38,2,15,17,0,2,2,0,1,1
2021-09-13,13754,920,14674,8758,124,8882,4555,397,4952,245,187,432,105,135,240,45,31,76,15,26,41,22,12,34,9,8,17
2021-09-14,1819,12257,14076,787,300,1087,387,495,882,280,559,839,185,8595,8780,81,1920,2001,59,313,372,29,61,90,11,14,25
2021-09-15,769,36776,37545,347,2374,2721,210,3745,3955,120,7142,7262,49,17509,17558,15,5123,5138,14,631,645,9,200,209,5,52,57
2021-09-16,787,34857,35644,381,5412,5793,207,19512,19719,114,4879,4993,47,2991,3038,16,1541,1557,11,370,381,6,126,132,5,26,31
2021-09-17,7371,20867,28238,4528,12487,17015,1405,4661,6066,775,1862,2637,388,1282,1670,173,359,532,62,144,206,32,56,88,8,16,24
2021-09-18,397,25021,25418,344,17257,17601,15,4310,4325,16,2034,2050,10,1042,1052,7,262,269,3,75,78,2,34,36,0,7,7
2021-09-19,8076,10449,18525,2977,7413,10390,2501,1771,4272,1411,770,2181,733,341,1074,236,84,320,138,53,191,68,12,80,12,5,17
2021-09-20,7618,6526,14144,5420,1350,6770,1299,2778,4077,545,1226,1771,203,680,883,74,305,379,63,140,203,11,39,50,3,8,11
2021-09-21,17209,6713,23922,15346,3990,19336,928,1506,2434,530,566,1096,262,379,641,93,182,275,32,60,92,14,20,34,4,10,14
2021-09-22,6390,10109,16499,4586,5856,10442,941,2703,3644,479,700,1179,223,433,656,84,217,301,48,140,188,21,42,63,8,18,26
2021-09-23,2497,9298,11795,1427,6606,8033,660,1385,2045,246,668,914,97,406,503,34,120,154,24,73,97,6,35,41,3,5,8
2021-09-24,6053,5643,11696,2578,3444,6022,1682,780,2462,1349,573,1922,255,614,869,97,149,246,56,53,109,25,23,48,11,7,18
2021-09-25,2083,4669,6752,685,1378,2063,936,1231,2167,279,907,1186,121,914,1035,50,182,232,6,39,45,4,15,19,2,3,5
2021-09-26,1223,22308,23531,197,1250,1447,158,3128,3286,285,9232,9517,356,7992,8348,173,517,690,40,120,160,14,57,71,0,12,12
2021-09-27,2150,20867,23017,1112,3028,4140,438,9771,10209,265,5581,5846,153,2002,2155,107,328,435,42,91,133,26,52,78,7,14,21
2021-09-28,3920,24199,28119,1097,881,1978,841,17156,17997,1023,1653,2676,595,1155,1750,256,1073,1329,75,1652,1727,26,521,547,7,108,115
2021-09-29,4360,13044,17404,3299,2044,5343,522,7712,8234,343,1414,1757,122,991,1113,35,416,451,15,324,339,17,122,139,7,21,28
2021-09-30,10617,7864,18481,8794,2343,11137,980,1515,2495,578,1452,2030,173,1638,1811,47,657,704,29,188,217,15,61,76,1,10,11
2021-10-01,2586,8710,11296,2220,3727,5947,175,2319,2494,123,1444,1567,46,868,914,15,233,248,4,82,86,3,31,34,0,6,6
2021-10-02,2703,2962,5665,1639,766,2405,602,960,1562,257,704,961,120,336,456,57,112,169,16,53,69,8,27,35,4,4,8
2021-10-03,5974,9,5983,2835,3,2838,1755,3,1758,764,0,764,335,2,337,187,1,188,64,0,64,29,0,29,5,0,5
2021-10-04,6942,4297,11239,3003,1836,4839,2251,1185,3436,982,467,1449,408,466,874,178,239,417,74,78,152,31,23,54,15,3,18
2021-10-05,2962,3834,6796,1800,1014,2814,658,1121,1779,291,861,1152,141,591,732,49,169,218,11,46,57,10,23,33,2,9,11
2021-10-06,13091,1480,14571,11098,307,11405,1001,368,1369,575,347,922,261,282,543,98,104,202,36,38,74,12,28,40,10,6,16
2021-10-07,3235,2876,6111,1717,768,2485,719,926,1645,428,425,853,220,493,713,91,198,289,36,48,84,14,14,28,10,4,14
2021-10-08,885,20240,21125,418,1161,1579,184,11455,11639,116,2400,2516,90,2771,2861,44,2282,2326,21,118,139,9,49,58,3,4,7
2021-10-09,14,19477,19491,4,1364,1368,4,8451,8455,2,2474,2476,3,4620,4623,1,2381,2382,0,134,134,0,46,46,0,7,7
2021-10-10,15,14153,14168,7,1055,1062,7,6890,6897,1,1675,1676,0,2692,2692,0,1714,1714,0,86,86,0,34,34,0,7,7
2021-10-11,1504,7643,9147,1195,3792,4987,155,1956,2111,76,1022,1098,43,542,585,22,185,207,5,97,102,6,46,52,2,3,5
2021-10-12,4288,16893,21181,3066,9825,12891,512,2196,2708,396,2230,2626,195,1698,1893,76,780,856,32,124,156,11,32,43,0,8,8
2021-10-13,29693,4367,34060,29282,1732,31014,171,742,913,129,774,903,59,734,793,22,301,323,10,46,56,7,31,38,13,7,20
2021-10-14,14262,11920,26182,13333,5859,19192,393,3043,3436,274,1500,1774,148,992,1140,61,363,424,34,103,137,15,48,63,4,12,16
2021-10-15,3050,22420,25470,2373,11856,14229,324,5904,6228,169,2532,2701,117,1335,1452,42,558,600,18,165,183,4,56,60,3,14,17
2021-10-16,6653,11059,17712,5833,6824,12657,400,2222,2622,207,1162,1369,120,539,659,59,211,270,16,78,94,13,17,30,5,6,11
2021-10-17,3047,3632,6679,2691,1640,4331,194,757,951,78,551,629,47,416,463,23,183,206,10,59,69,4,21,25,0,5,5
2021-10-18,16622,7371,23993,16212,3012,19224,205,1650,1855,99,1438,1537,55,892,947,19,309,328,9,52,61,14,14,28,9,4,13
2021-10-19,6238,11844,18082,5585,5760,11345,348,2548,2896,152,1860,2012,87,1003,1090,37,573,610,17,73,90,7,22,29,5,5,10
2021-10-20,10560,6995,17555,10140,3817,13957,211,1352,1563,110,1018,1128,59,514,573,23,205,228,9,60,69,7,21,28,1,8,9
2021-10-21,13610,8418,22028,13042,4564,17606,268,1680,1948,141,977,1118,67,663,730,52,372,424,19,82,101,15,60,75,6,20,26
2021-10-22,16561,11830,28391,15615,6627,22242,407,2348,2755,263,1221,1484,147,1092,1239,75,380,455,31,108,139,21,47,68,2,7,9
2021-10-23,13289,4191,17480,12837,2147,14984,213,1137,1350,127,414,541,64,276,340,22,149,171,15,43,58,6,21,27,5,4,9
2021-10-24,16284,2002,18286,16058,1254,17312,92,296,388,77,191,268,37,123,160,8,99,107,6,28,34,3,9,12,3,2,5
2021-10-25,14419,5813,20232,13537,2374,15911,298,1431,1729,361,927,1288,129,586,715,57,283,340,25,139,164,9,60,69,3,13,16
2021-10-26,18970,4193,23163,18367,1984,20351,308,1139,1447,159,507,666,78,324,402,34,132,166,13,57,70,10,33,43,1,17,18
2021-10-27,16408,8618,25026,15753,6710,22463,350,784,1134,158,573,731,71,340,411,41,141,182,21,57,78,11,13,24,3,0,3
2021-10-28,20634,4999,25633,20035,2566,22601,337,949,1286,142,685,827,69,460,529,25,209,234,13,79,92,7,36,43,6,15,21
2021-10-29,21716,3178,24894,21266,1825,23091,251,656,907,109,340,449,57,184,241,19,102,121,6,39,45,6,24,30,2,8,10
2021-10-30,15214,1858,17072,14861,1026,15887,179,444,623,98,199,297,47,107,154,15,60,75,10,15,25,3,6,9,1,1,2
2021-10-31,13626,2278,15904,13216,1378,14594,208,465,673,105,222,327,66,120,186,10,59,69,15,24,39,3,9,12,3,1,4
2021-11-01,7167,7888,15055,6820,2134,8954,178,3805,3983,111,1037,1148,36,541,577,12,263,275,8,82,90,1,18,19,1,8,9
2021-11-02,2425,5212,7637,1876,2737,4613,260,1382,1642,140,571,711,77,320,397,36,129,165,19,40,59,6,22,28,11,11,22
2021-11-03,2871,16597,19468,2393,15843,18236,147,374,521,164,171,335,126,90,216,24,69,93,9,28,37,6,17,23,2,5,7
2021-11-04,4512,14895,19407,4149,14057,18206,140,376,516,122,190,312,48,121,169,20,78,98,22,43,65,9,19,28,2,11,13
2021-11-05,3160,4232,7392,2704,3638,6342,166,265,431,135,125,260,97,95,192,25,65,90,17,24,41,13,13,26,3,7,10
2021-11-06,2540,4012,6552,2177,3501,5678,135,222,357,76,132,208,98,92,190,25,43,68,17,12,29,8,10,18,4,0,4
2021-11-07,2315,4022,6337,2175,3212,5387,61,362,423,37,201,238,23,113,136,12,70,82,6,34,40,1,23,24,0,7,7
2021-11-08,4272,13699,17971,3537,12698,16235,338,394,732,200,247,447,103,205,308,51,97,148,34,41,75,3,12,15,6,5,11
2021-11-09,3778,4445,8223,3304,3731,7035,222,312,534,132,192,324,70,129,199,27,48,75,18,16,34,2,12,14,3,5,8
2021-11-10,5138,6286,11424,4879,5468,10347,125,360,485,68,178,246,38,107,145,13,90,103,9,51,60,4,20,24,2,12,14
2021-11-11,3533,6176,9709,3079,5254,8333,180,375,555,120,215,335,87,141,228,31,80,111,21,59,80,10,45,55,5,7,12
2021-11-12,4424,10718,15142,4003,9712,13715,188,312,500,109,334,443,57,166,223,30,120,150,21,48,69,10,18,28,6,8,14
2021-11-13,1538,683,2221,1532,665,2197,2,5,7,1,3,4,1,3,4,1,5,6,0,1,1,0,1,1,1,0,1
2021-11-14,542,2202,2744,534,2184,2718,5,8,13,2,6,8,1,2,3,0,2,2,0,0,0,0,0,0,0,0,0
2021-11-15,2120,11341,13461,1645,10357,12002,242,279,521,132,348,480,52,278,330,22,52,74,18,16,34,8,10,18,1,1,2
2021-11-16,1933,17786,19719,1550,13666,15216,195,1691,1886,86,1514,1600,46,560,606,29,256,285,16,61,77,7,31,38,4,7,11
2021-11-17,3451,20154,23605,3080,19326,22406,163,432,595,89,186,275,55,131,186,28,44,72,19,16,35,6,14,20,11,5,16
2021-11-18,4585,18224,22809,4234,17553,21787,146,283,429,85,204,289,62,110,172,33,39,72,11,16,27,8,11,19,6,8,14
2021-11-19,4418,17514,21932,3881,16216,20097,228,577,805,113,348,461,122,207,329,44,96,140,13,52,65,11,16,27,6,2,8
2021-11-20,1595,5912,7507,1269,5492,6761,104,155,259,108,103,211,70,79,149,24,47,71,12,22,34,6,12,18,2,2,4
2021-11-21,1984,5697,7681,1707,4927,6634,100,259,359,78,212,290,56,187,243,22,81,103,15,18,33,4,10,14,2,3,5
2021-11-22,1182,8369,9551,986,7526,8512,64,371,435,43,221,264,46,157,203,19,55,74,15,24,39,7,9,16,2,6,8
2021-11-23,7356,7635,14991,6873,6409,13282,211,566,777,115,327,442,106,204,310,26,82,108,12,30,42,8,15,23,5,2,7
2021-11-24,4502,12181,16683,4079,10872,14951,146,664,810,155,305,460,65,218,283,23,77,100,16,28,44,13,14,27,5,3,8
2021-11-25,1404,3570,4974,1105,2601,3706,69,551,620,131,199,330,43,101,144,27,62,89,15,24,39,10,27,37,4,5,9
2021-11-26,3093,9190,12283,2457,7781,10238,231,638,869,202,370,572,114,223,337,48,102,150,24,50,74,9,22,31,8,4,12
2021-11-27,2113,7992,10105,1838,7169,9007,114,290,404,79,208,287,53,181,234,12,88,100,7,35,42,6,14,20,4,7,11
2021-11-28,2386,6951,9337,2140,6274,8414,91,362,453,76,160,236,41,85,126,22,42,64,11,18,29,4,9,13,1,1,2
2021-11-29,2672,6665,9337,2109,5656,7765,264,524,788,169,266,435,77,129,206,27,62,89,14,19,33,6,6,12,6,3,9
2021-11-30,3362,8045,11407,2673,6635,9308,312,805,1117,155,305,460,107,155,262,69,93,162,31,33,64,9,13,22,6,6,12
2021-12-01,3706,9924,13630,2948,8801,11749,308,519,827,168,284,452,145,181,326,79,87,166,35,37,72,20,9,29,3,6,9
2021-12-02,3770,10764,14534,2698,9429,12127,358,635,993,447,325,772,148,215,363,55,89,144,41,48,89,17,15,32,6,8,14
2021-12-03,1050,3617,4667,653,2833,3486,230,354,584,82,183,265,37,124,161,24,79,103,16,33,49,6,9,15,2,2,4
2021-12-04,1039,4032,5071,748,3633,4381,95,173,268,75,112,187,49,64,113,31,37,68,27,9,36,10,3,13,4,1,5
2021-12-05,1347,2617,3964,1040,2218,3258,145,186,331,73,90,163,48,65,113,20,42,62,8,13,21,8,3,11,5,0,5
2021-12-06,3329,7089,10418,2773,6030,8803,201,528,729,211,263,474,76,163,239,39,62,101,20,29,49,7,11,18,2,3,5
2021-12-07,3063,4932,7995,2384,3774,6158,326,550,876,187,299,486,81,160,241,48,95,143,28,40,68,6,11,17,3,3,6
2021-12-08,1837,4202,6039,1456,3452,4908,144,306,450,103,176,279,76,154,230,30,74,104,13,31,44,9,6,15,6,3,9
2021-12-09,2658,7934,10592,2149,7321,9470,212,248,460,128,168,296,85,96,181,45,59,104,27,29,56,11,11,22,1,2,3
2021-12-10,1996,4628,6624,1625,4011,5636,176,261,437,78,145,223,46,108,154,35,59,94,14,24,38,12,13,25,10,7,17
2021-12-11,1648,2983,4631,1309,2382,3691,140,268,408,79,144,223,61,104,165,31,54,85,16,20,36,12,8,20,0,3,3
2021-12-12,1545,2593,4138,1146,1846,2992,205,394,599,98,189,287,61,88,149,21,57,78,11,13,24,3,5,8,0,1,1
2021-12-13,1856,2358,4214,1350,1416,2766,257,509,766,118,221,339,80,126,206,29,52,81,12,23,35,7,10,17,3,1,4
2021-12-14,2009,4182,6191,1381,3320,4701,254,402,656,159,256,415,104,112,216,60,59,119,25,20,45,18,11,29,8,2,10
2021-12-15,1778,4281,6059,1321,3355,4676,144,394,538,125,240,365,104,161,265,41,87,128,35,29,64,6,9,15,2,6,8
2021-12-16,2095,3984,6079,1684,3226,4910,168,362,530,106,191,297,70,114,184,33,52,85,20,27,47,10,9,19,4,3,7
2021-12-17,2204,3515,5719,1870,2699,4569,142,326,468,77,196,273,47,155,202,33,81,114,20,32,52,13,20,33,2,6,8
2021-12-18,1546,2992,4538,1101,2221,3322,142,349,491,155,199,354,82,113,195,41,65,106,14,22,36,8,20,28,3,3,6
2021-12-19,1608,3107,4715,1182,2330,3512,185,383,568,112,206,318,71,114,185,20,48,68,16,14,30,15,8,23,7,4,11
2021-12-20,2661,3862,6523,1913,2911,4824,439,436,875,170,261,431,75,140,215,28,54,82,17,34,51,14,20,34,5,6,11
2021-12-21,2965,4470,7435,2184,3384,5568,416,521,937,188,283,471,117,181,298,31,59,90,16,18,34,7,17,24,6,7,13
