FECHA,TotalM,TotalF,Total,<=30M,<=30F,<=30,31-40M,31-40F,31-40,41-50M,41-50F,41-50,51-60M,51-60F,51-60,61-70M,61-70F,61-70,71-80M,71-80F,71-80,81-90M,81-90F,81-90,>=91M,>=91F,>=91
2020-12-29,259,409,668,38,68,106,92,126,218,79,131,210,49,82,131,1,2,3,0,0,0,0,0,0,0,0,0
2020-12-30,558,887,1445,83,165,248,198,267,465,169,279,448,105,173,278,3,3,6,0,0,0,0,0,0,0,0,0
2020-12-31,595,928,1523,90,168,258,210,282,492,181,294,475,111,180,291,3,4,7,0,0,0,0,0,0,0,0,0
2021-01-01,595,929,1524,90,168,258,210,283,493,181,294,475,111,180,291,3,4,7,0,0,0,0,0,0,0,0,0
2021-01-02,734,1169,1903,104,196,300,264,377,641,228,360,588,134,231,365,4,5,9,0,0,0,0,0,0,0,0,0
2021-01-03,783,1267,2050,112,210,322,286,417,703,239,388,627,142,247,389,4,5,9,0,0,0,0,0,0,0,0,0
2021-01-04,1103,1790,2893,169,301,470,389,605,994,331,541,872,209,338,547,5,5,10,0,0,0,0,0,0,0,0,0
2021-01-05,1572,2520,4092,238,429,667,584,847,1431,450,759,1209,294,476,770,6,8,14,0,1,1,0,0,0,0,0,0
2021-01-06,2088,3290,5378,328,573,901,781,1083,1864,592,982,1574,380,642,1022,7,9,16,0,1,1,0,0,0,0,0,0
2021-01-07,2614,4181,6795,413,729,1142,960,1391,2351,741,1242,1983,493,809,1302,7,9,16,0,1,1,0,0,0,0,0,0
2021-01-08,3279,5358,8637,534,959,1493,1185,1792,2977,932,1581,2513,616,1013,1629,12,12,24,0,1,1,0,0,0,0,0,0
2021-01-09,3447,5630,9077,548,999,1547,1255,1894,3149,984,1667,2651,648,1057,1705,12,12,24,0,1,1,0,0,0,0,0,0
2021-01-10,3655,5989,9644,581,1047,1628,1344,2045,3389,1037,1769,2806,679,1115,1794,14,12,26,0,1,1,0,0,0,0,0,0
2021-01-11,4312,7180,11492,692,1305,1997,1609,2446,4055,1211,2092,3303,784,1321,2105,16,15,31,0,1,1,0,0,0,0,0,0
2021-01-12,4901,8269,13170,787,1495,2282,1844,2834,4678,1361,2382,3743,892,1541,2433,17,16,33,0,1,1,0,0,0,0,0,0
2021-01-13,5367,9158,14525,866,1674,2540,2008,3157,5165,1489,2615,4104,986,1695,2681,18,16,34,0,1,1,0,0,0,0,0,0
2021-01-14,6165,10572,16737,1035,1953,2988,2300,3643,5943,1705,3009,4714,1107,1949,3056,18,17,35,0,1,1,0,0,0,0,0,0
2021-01-15,7357,12788,20145,1250,2403,3653,2765,4413,7178,2011,3620,5631,1313,2331,3644,18,20,38,0,1,1,0,0,0,0,0,0
2021-01-16,7832,13642,21474,1346,2556,3902,2941,4740,7681,2132,3863,5995,1395,2462,3857,18,20,38,0,1,1,0,0,0,0,0,0
2021-01-17,8117,14186,22303,1412,2649,4061,3054,4954,8008,2204,4016,6220,1429,2546,3975,18,20,38,0,1,1,0,0,0,0,0,0
2021-01-18,8305,14502,22807,1440,2703,4143,3115,5058,8173,2260,4119,6379,1472,2601,4073,18,20,38,0,1,1,0,0,0,0,0,0
2021-01-19,8589,14970,23559,1476,2770,4246,3196,5226,8422,2354,4264,6618,1543,2688,4231,20,21,41,0,1,1,0,0,0,0,0,0
2021-01-20,8879,15469,24348,1507,2863,4370,3304,5375,8679,2441,4421,6862,1607,2785,4392,20,24,44,0,1,1,0,0,0,0,0,0
2021-01-21,9009,15658,24667,1530,2892,4422,3349,5428,8777,2476,4485,6961,1629,2826,4455,25,25,50,0,2,2,0,0,0,0,0,0
2021-01-22,9047,15709,24756,1537,2902,4439,3364,5443,8807,2488,4502,6990,1631,2834,4465,26,26,52,1,2,3,0,0,0,0,0,0
2021-01-23,9165,15908,25073,1547,2923,4470,3409,5523,8932,2527,4560,7087,1654,2874,4528,27,26,53,1,2,3,0,0,0,0,0,0
2021-01-24,9210,15996,25206,1552,2932,4484,3430,5560,8990,2538,4586,7124,1662,2890,4552,27,26,53,1,2,3,0,0,0,0,0,0
2021-01-25,9493,16467,25960,1597,3014,4611,3515,5709,9224,2619,4731,7350,1732,2983,4715,29,28,57,1,2,3,0,0,0,0,0,0
2021-01-26,9881,17129,27010,1641,3122,4763,3662,5898,9560,2729,4950,7679,1814,3125,4939,34,32,66,1,2,3,0,0,0,0,0,0
2021-01-27,10331,17791,28122,1716,3237,4953,3832,6093,9925,2848,5145,7993,1896,3280,5176,38,34,72,1,2,3,0,0,0,0,0,0
2021-01-28,10791,18595,29386,1792,3380,5172,3984,6366,10350,2976,5370,8346,1999,3441,5440,39,36,75,1,2,3,0,0,0,0,0,0
2021-01-29,11425,19655,31080,1895,3568,5463,4225,6740,10965,3158,5677,8835,2103,3628,5731,43,40,83,1,2,3,0,0,0,0,0,0
2021-01-30,11577,19915,31492,1914,3607,5521,4284,6844,11128,3203,5754,8957,2132,3668,5800,43,40,83,1,2,3,0,0,0,0,0,0
2021-01-31,11695,20141,31836,1937,3640,5577,4326,6937,11263,3235,5814,9049,2152,3707,5859,44,40,84,1,3,4,0,0,0,0,0,0
2021-02-01,12243,21087,33330,2028,3815,5843,4551,7270,11821,3386,6069,9455,2232,3885,6117,45,44,89,1,4,5,0,0,0,0,0,0
2021-02-02,13424,23092,36516,2141,4059,6200,4841,7735,12576,3592,6509,10101,2456,4346,6802,351,408,759,37,33,70,5,2,7,1,0,1
2021-02-03,14691,25406,40097,2279,4386,6665,5164,8353,13517,3845,7055,10900,2703,4820,7523,618,727,1345,73,61,134,8,4,12,1,0,1
2021-02-04,15935,27734,43669,2438,4710,7148,5524,9019,14543,4137,7621,11758,2925,5302,8227,785,978,1763,112,97,209,12,7,19,2,0,2
2021-02-05,17846,31452,49298,2718,5288,8006,6144,10190,16334,4542,8533,13075,3283,6038,9321,976,1254,2230,164,139,303,17,10,27,2,0,2
2021-02-06,18290,32260,50550,2799,5406,8205,6281,10469,16750,4658,8763,13421,3370,6192,9562,998,1280,2278,165,140,305,17,10,27,2,0,2
2021-02-07,18643,32912,51555,2853,5496,8349,6394,10706,17100,4768,8955,13723,3428,6303,9731,1014,1301,2315,167,141,308,17,10,27,2,0,2
2021-02-08,19512,34508,54020,2981,5776,8757,6673,11208,17881,4979,9385,14364,3578,6574,10152,1103,1404,2507,178,151,329,18,10,28,2,0,2
2021-02-09,20505,36442,56947,3122,6118,9240,6977,11780,18757,5207,9846,15053,3759,6979,10738,1223,1551,2774,192,158,350,23,10,33,2,0,2
2021-02-10,21047,37472,58519,3205,6283,9488,7111,12106,19217,5352,10111,15463,3867,7184,11051,1283,1613,2896,201,165,366,26,10,36,2,0,2
2021-02-11,21502,38543,60045,3276,6464,9740,7256,12455,19711,5450,10383,15833,3938,7382,11320,1340,1676,3016,213,173,386,27,10,37,2,0,2
2021-02-12,22021,39506,61527,3350,6624,9974,7426,12791,20217,5568,10662,16230,4030,7521,11551,1389,1717,3106,226,181,407,30,10,40,2,0,2
2021-02-13,22049,39550,61599,3352,6632,9984,7437,12808,20245,5574,10671,16245,4038,7530,11568,1389,1718,3107,227,181,408,30,10,40,2,0,2
2021-02-14,22055,39575,61630,3354,6639,9993,7439,12816,20255,5574,10681,16255,4040,7530,11570,1389,1718,3107,227,181,408,30,10,40,2,0,2
2021-02-15,22056,39578,61634,3354,6640,9994,7440,12817,20257,5574,10681,16255,4040,7531,11571,1389,1718,3107,227,181,408,30,10,40,2,0,2
2021-02-16,22067,39615,61682,3355,6641,9996,7448,12835,20283,5576,10695,16271,4040,7534,11574,1389,1718,3107,227,182,409,30,10,40,2,0,2
2021-02-17,22872,41128,64000,3484,6870,10354,7698,13289,20987,5746,11129,16875,4186,7820,12006,1487,1824,3311,239,186,425,30,10,40,2,0,2
2021-02-18,24736,45043,69779,3703,7415,11118,8227,14347,22574,6129,12160,18289,4552,8605,13157,1756,2219,3975,318,281,599,49,16,65,2,0,2
2021-02-19,26422,48875,75297,3901,7955,11856,8681,15463,24144,6559,13148,19707,4861,9343,14204,1969,2555,4524,384,384,768,62,27,89,5,0,5
2021-02-20,26879,49665,76544,3946,8039,11985,8819,15736,24555,6672,13341,20013,4949,9495,14444,2022,2637,4659,403,390,793,63,27,90,5,0,5
2021-02-21,27207,50169,77376,3981,8104,12085,8912,15923,24835,6752,13472,20224,5028,9581,14609,2055,2667,4722,409,395,804,65,27,92,5,0,5
2021-02-22,30634,56415,87049,4176,8550,12726,9266,16788,26054,7023,14173,21196,5283,10128,15411,2367,2981,5348,804,929,1733,1542,2441,3983,173,425,598
2021-02-23,34599,63812,98411,4427,9079,13506,9710,17886,27596,7449,15176,22625,5646,10930,16576,2845,3594,6439,1159,1423,2582,3013,4861,7874,350,863,1213
2021-02-24,38657,71432,110089,4685,9543,14228,10265,18941,29206,7896,16144,24040,5974,11682,17656,3230,4100,7330,1559,2041,3600,4534,7615,12149,514,1366,1880
2021-02-25,42700,78986,121686,4920,10076,14996,10790,20034,30824,8391,17042,25433,6346,12468,18814,3576,4593,8169,1894,2614,4508,6065,10280,16345,718,1879,2597
2021-02-26,46615,86870,133485,5171,10639,15810,11337,21156,32493,8770,17996,26766,6742,13326,20068,3931,5099,9030,2253,3144,5397,7504,13061,20565,907,2449,3356
2021-02-27,47142,87984,135126,5211,10714,15925,11436,21286,32722,8858,18118,26976,6802,13432,20234,3988,5204,9192,2318,3273,5591,7607,13373,20980,922,2584,3506
2021-02-28,47298,88338,135636,5226,10731,15957,11466,21344,32810,8875,18154,27029,6815,13450,20265,4024,5238,9262,2333,3311,5644,7632,13464,21096,927,2646,3573
2021-03-01,50385,94431,144816,5337,10965,16302,11729,21874,33603,9099,18553,27652,6980,13834,20814,4218,5489,9707,2691,3871,6562,9205,16661,25866,1126,3184,4310
2021-03-02,53427,100331,153758,5464,11268,16732,11961,22378,34339,9273,18981,28254,7137,14182,21319,4405,5804,10209,3062,4445,7507,10790,19579,30369,1335,3694,5029
2021-03-03,56313,106173,162486,5597,11527,17124,12213,22973,35186,9494,19477,28971,7296,14570,21866,4543,6040,10583,3367,4964,8331,12253,22379,34632,1550,4243,5793
2021-03-04,57599,109058,166657,5720,11846,17566,12445,23529,35974,9684,19897,29581,7436,14902,22338,4663,6267,10930,3485,5169,8654,12584,23061,35645,1582,4387,5969
2021-03-05,58722,111676,170398,5816,12093,17909,12694,24108,36802,9882,20445,30327,7601,15304,22905,4783,6484,11267,3560,5312,8872,12770,23459,36229,1616,4471,6087
2021-03-06,59381,114020,173401,5856,12334,18190,12869,24635,37504,10017,20956,30973,7703,15732,23435,4811,6540,11351,3626,5457,9083,12860,23769,36629,1639,4597,6236
2021-03-07,60031,116088,176119,5891,12525,18416,13015,25124,38139,10165,21413,31578,7825,16094,23919,4846,6584,11430,3694,5589,9283,12936,24020,36956,1659,4739,6398
2021-03-08,61491,119432,180923,5984,12781,18765,13200,25569,38769,10300,21802,32102,7963,16444,24407,4977,6858,11835,3873,5897,9770,13463,25038,38501,1731,5043,6774
2021-03-09,65260,126287,191547,6142,13089,19231,13535,26256,39791,10572,22335,32907,8215,16947,25162,5248,7213,12461,4292,6568,10860,15299,28166,43465,1957,5713,7670
2021-03-10,69312,135033,204345,6355,13608,19963,13924,27381,41305,10912,23446,34358,8562,17943,26505,5472,7547,13019,4698,7215,11913,17184,31500,48684,2205,6393,8598
2021-03-11,74502,147380,221882,6766,14522,21288,14670,29415,44085,11476,25635,37111,9088,19567,28655,5839,8087,13926,5142,7953,13095,19106,35158,54264,2415,7043,9458
2021-03-12,78324,157715,236039,7198,15576,22774,15507,31950,47457,12158,28165,40323,9668,21431,31099,6130,8548,14678,5375,8281,13656,19767,36445,56212,2521,7319,9840
2021-03-13,79824,162831,242655,7392,16360,23752,15928,33455,49383,12537,29569,42106,9968,22394,32362,6220,8677,14897,5405,8362,13767,19836,36623,56459,2538,7391,9929
2021-03-14,80867,166787,247654,7488,16873,24361,16233,34558,50791,12829,30793,43622,10210,23330,33540,6300,8810,15110,5430,8402,13832,19839,36628,56467,2538,7393,9931
2021-03-15,83850,175781,259631,7749,17903,25652,16882,36773,53655,13386,32961,46347,10715,25021,35736,6585,9333,15918,5643,8730,14373,20284,37533,57817,2606,7527,10133
2021-03-16,87784,185249,273033,8016,18748,26764,17496,38557,56053,13950,34684,48634,11178,26451,37629,6919,9933,16852,6022,9303,15325,21487,39732,61219,2716,7841,10557
2021-03-17,91967,194519,286486,8311,19430,27741,18119,40261,58380,14529,36304,50833,11627,27676,39303,7311,10640,17951,6446,9980,16426,22763,42051,64814,2861,8177,11038
2021-03-18,96356,204419,300775,8650,20333,28983,18867,42200,61067,15213,38084,53297,12210,29115,41325,7637,11232,18869,6887,10675,17562,23891,44215,68106,3001,8565,11566
2021-03-19,100532,214377,314909,9008,21338,30346,19651,44274,63925,15991,39961,55952,12842,30619,43461,7891,11620,19511,7191,11186,18377,24805,46270,71075,3153,9109,12262
2021-03-20,102719,219329,322048,9078,21561,30639,19859,44750,64609,16182,40426,56608,13039,31090,44129,8349,12699,21048,7576,11810,19386,25385,47570,72955,3251,9423,12674
2021-03-21,104395,222802,327197,9102,21625,30727,19931,44884,64815,16225,40507,56732,13134,31285,44419,8986,14121,23107,7996,12498,20494,25716,48281,73997,3305,9601,12906
2021-03-22,106493,227301,333794,9270,21926,31196,20246,45578,65824,16470,41087,57557,13366,31929,45295,9564,15569,25133,8465,13183,21648,25794,48402,74196,3318,9627,12945
2021-03-23,109529,234304,343833,9392,22199,31591,20513,46168,66681,16688,41623,58311,13574,32391,45965,9973,16443,26416,8921,13927,22848,26949,51131,78080,3519,10422,13941
2021-03-24,111389,238437,349826,9398,22217,31615,20525,46196,66721,16698,41650,58348,13612,32453,46065,10211,17008,27219,9264,14585,23849,28005,53402,81407,3676,10926,14602
2021-03-25,113509,242772,356281,9529,22520,32049,20789,46763,67552,16946,42094,59040,13775,32778,46553,10306,17166,27472,9570,15047,24617,28797,55067,83864,3797,11337,15134
2021-03-26,114626,245438,360064,9567,22618,32185,20898,46962,67860,17025,42271,59296,13865,32920,46785,10429,17553,27982,9752,15443,25195,29211,56008,85219,3879,11663,15542
2021-03-27,115364,247306,362670,9569,22624,32193,20903,46977,67880,17028,42285,59313,13870,32943,46813,10446,17593,28039,9903,15773,25676,29697,57091,86788,3948,12020,15968
2021-03-28,116074,249193,365267,9571,22628,32199,20906,46984,67890,17029,42295,59324,13878,32956,46834,10476,17633,28109,10045,16032,26077,30130,58236,88366,4039,12429,16468
2021-03-29,118395,255069,373464,9775,23160,32935,21329,48084,69413,17383,43201,60584,14160,33702,47862,10627,17923,28550,10287,16433,26720,30684,59646,90330,4150,12920,17070
2021-03-30,121559,262353,383912,9899,23460,33359,21578,48750,70328,17613,43739,61352,15215,36082,51297,11395,19171,30566,10657,17132,27789,30989,60701,91690,4213,13318,17531
2021-03-31,125736,270900,396636,10131,23990,34121,22074,49995,72069,18047,44822,62869,15453,36584,52037,11560,19392,30952,12704,20304,33008,31453,62009,93462,4314,13804,18118
2021-04-01,130274,278492,408766,10155,24018,34173,22103,50080,72183,18589,45858,64447,15842,37339,53181,11628,19595,31223,15774,24658,40432,31803,62872,94675,4380,14072,18452
2021-04-02,134689,285710,420399,10156,24021,34177,22105,50089,72194,19501,47592,67093,15850,37353,53203,11643,19621,31264,18940,29307,48247,32076,63484,95560,4418,14243,18661
2021-04-03,138444,291799,430243,10157,24029,34186,22110,50093,72203,19510,47599,67109,15858,37360,53218,11652,19632,31284,22522,34950,57472,32183,63777,95960,4452,14359,18811
2021-04-04,139551,293549,433100,10157,24029,34186,22111,50095,72206,19512,47607,67119,15862,37364,53226,11670,19648,31318,23594,36642,60236,32188,63794,95982,4457,14370,18827
2021-04-05,145643,303383,449026,10244,24160,34404,22188,50301,72489,19592,47820,67412,15944,37562,53506,11808,19844,31652,29060,45169,74229,32318,64059,96377,4489,14468,18957
2021-04-06,152497,314438,466935,10351,24310,34661,22313,50532,72845,19663,47974,67637,16007,37687,53694,11921,20029,31950,35174,54734,89908,32535,64550,97085,4533,14622,19155
2021-04-07,160065,326375,486440,10443,24433,34876,22440,50802,73242,19737,48147,67884,16087,37831,53918,12574,20845,33419,41309,64237,105546,32879,65280,98159,4596,14800,19396
2021-04-08,168564,338512,507076,10607,24599,35206,22652,51075,73727,19841,48307,68148,16173,38005,54178,14105,23083,37188,47532,73062,120594,33034,65501,98535,4620,14880,19500
2021-04-09,175930,349813,525743,10737,24850,35587,22876,51464,74340,19966,48566,68532,16263,38192,54455,15449,24943,40392,52805,80942,133747,33183,65836,99019,4651,15020,19671
2021-04-10,179038,354588,533626,10787,24961,35748,22940,51616,74556,20043,48687,68730,16318,38315,54633,16104,25951,42055,54951,84117,139068,33237,65890,99127,4658,15051,19709
2021-04-11,181955,359217,541172,10835,25069,35904,23038,51800,74838,20097,48849,68946,16383,38482,54865,16704,26864,43568,56970,87119,144089,33266,65952,99218,4662,15082,19744
2021-04-12,190074,371760,561834,10966,25313,36279,23220,52154,75374,20213,49076,69289,16493,38680,55173,18317,29175,47492,62823,96046,158869,33356,66152,99508,4686,15164,19850
2021-04-13,197760,383553,581313,11172,25503,36675,23454,52491,75945,20432,49313,69745,16688,39052,55740,20284,32591,52875,67545,102929,170474,33479,66414,99893,4706,15260,19966
2021-04-14,204368,393372,597740,11405,25581,36986,23636,52659,76295,20589,49499,70088,16755,39120,55875,21101,33621,54722,71385,108865,180250,34650,68367,103017,4847,15660,20507
2021-04-15,207657,399097,606754,11543,25628,37171,23738,52701,76439,20669,49525,70194,16797,39170,55967,22396,36440,58836,72915,111356,184271,34733,68561,103294,4866,15716,20582
2021-04-16,211467,404848,616315,11643,25662,37305,23787,52728,76515,20711,49549,70260,16814,39189,56003,23030,37282,60312,75500,115207,190707,35053,69321,104374,4929,15910,20839
2021-04-17,211785,405338,617123,11659,25677,37336,23812,52745,76557,20748,49582,70330,16851,39220,56071,23073,37322,60395,75640,115479,191119,35071,69379,104450,4931,15934,20865
2021-04-18,211933,405501,617434,11675,25683,37358,23834,52761,76595,20778,49615,70393,16894,39250,56144,23082,37339,60421,75655,115496,191151,35080,69408,104488,4935,15949,20884
2021-04-19,215985,411875,627860,11834,25713,37547,23898,52778,76676,20829,49631,70460,16909,39262,56171,23577,38018,61595,78460,119896,198356,35476,70388,105864,5002,16189,21191
2021-04-20,222154,422478,644632,11997,25777,37774,23979,52849,76828,20896,49717,70613,17361,40322,57683,26594,42953,69547,80066,122344,202410,36061,71730,107791,5200,16786,21986
2021-04-21,230575,434581,665156,12082,25824,37906,24030,52895,76925,20945,49764,70709,17446,40538,57984,34353,53891,88244,80398,122969,203367,36108,71857,107965,5213,16843,22056
2021-04-22,240650,448530,689180,12129,25871,38000,24069,52942,77011,20977,49816,70793,17488,40607,58095,43816,66875,110691,80772,123562,204334,36177,71981,108158,5222,16876,22098
2021-04-23,250856,461744,712600,12155,25919,38074,24117,52998,77115,21029,49891,70920,17558,40684,58242,53550,79229,132779,80990,123954,204944,36227,72124,108351,5230,16945,22175
2021-04-24,253773,465265,719038,12160,25928,38088,24122,53006,77128,21045,49907,70952,17576,40706,58282,56169,82423,138592,81205,124143,205348,36256,72187,108443,5240,16965,22205
2021-04-25,253856,465390,719246,12162,25930,38092,24126,53009,77135,21050,49919,70969,17585,40713,58298,56227,82503,138730,81208,124152,205360,36256,72195,108451,5242,16969,22211
2021-04-26,255367,467780,723147,12177,25936,38113,24138,53023,77161,21059,49929,70988,17592,40730,58322,57546,84521,142067,81336,124375,205711,36271,72271,108542,5248,16995,22243
2021-04-27,256758,470652,727410,12253,26009,38262,24187,53115,77302,21103,49997,71100,17627,40789,58416,58450,86196,144646,81568,125100,206668,36316,72414,108730,5254,17032,22286
2021-04-28,263837,486714,750551,12981,27844,40825,25739,57433,83172,22391,53853,76244,18643,43750,62393,60701,88834,149535,81772,125422,207194,36350,72510,108860,5260,17068,22328
2021-04-29,270384,499897,770281,13434,29167,42601,26818,60634,87452,23426,56853,80279,19508,46116,65624,63441,91519,154960,82069,125798,207867,36408,72676,109084,5280,17134,22414
2021-04-30,271715,501892,773607,13505,29293,42798,26913,60811,87724,23476,56950,80426,19540,46191,65731,64275,92634,156909,82271,126080,208351,36444,72757,109201,5291,17176,22467
2021-05-01,272257,502983,775240,13521,29326,42847,26973,60919,87892,23499,57013,80512,19563,46238,65801,64586,93227,157813,82362,126238,208600,36460,72816,109276,5293,17206,22499
2021-05-02,276565,512836,789401,13830,30269,44099,27791,63093,90884,24312,59089,83401,20203,47863,68066,65079,94279,159358,83553,128081,211634,36498,72915,109413,5299,17247,22546
2021-05-03,284790,524405,809195,13886,30374,44260,27895,63258,91153,24365,59177,83542,21027,49025,70052,69977,100782,170759,85744,131382,217126,36580,73100,109680,5316,17307,22623
2021-05-04,296364,538709,835073,13980,30502,44482,27994,63435,91429,24413,59276,83689,23007,51499,74506,79008,111774,190782,86010,131697,217707,36623,73178,109801,5329,17348,22677
2021-05-05,307035,554079,861114,14102,30692,44794,28208,63628,91836,24644,59416,84060,23586,52172,75758,82124,116407,198531,92114,140461,232575,36890,73804,110694,5367,17499,22866
2021-05-06,310664,559456,870120,14213,30793,45006,28366,63746,92112,24844,59473,84317,24009,52599,76608,83781,119141,202922,93106,142249,235355,36958,73918,110876,5387,17537,22924
2021-05-07,318647,572591,891238,14349,31084,45433,28594,64266,92860,25041,59860,84901,24267,53108,77375,85169,121957,207126,98742,150538,249280,37074,74152,111226,5411,17626,23037
2021-05-08,321043,587913,908956,14532,32701,47233,29065,67773,96838,25548,64470,90018,24832,56747,81579,85746,123747,209493,98811,150634,249445,37088,74193,111281,5421,17648,23069
2021-05-09,321185,588141,909326,14532,32701,47233,29065,67773,96838,25550,64470,90020,24854,56759,81613,85818,123827,209645,98825,150658,249483,37111,74258,111369,5430,17695,23125
2021-05-10,322017,590667,912684,14558,32744,47302,29096,67827,96923,25577,64515,90092,25003,57013,82016,86137,125248,211385,99023,151122,250145,37177,74428,111605,5446,17770,23216
2021-05-11,325315,594612,919927,14580,32780,47360,29129,67891,97020,25610,64572,90182,25633,57760,83393,88534,127938,216472,99155,151310,250465,37214,74533,111747,5460,17828,23288
2021-05-12,328892,599046,927938,14618,32817,47435,29177,67955,97132,25655,64636,90291,26317,58559,84876,91024,130736,221760,99325,151688,251013,37300,74737,112037,5476,17918,23394
2021-05-13,331803,604476,936279,14676,32925,47601,29276,68191,97467,25736,64799,90535,26498,58877,85375,91912,132455,224367,100823,154216,255039,37388,74989,112377,5494,18024,23518
2021-05-14,333147,607558,940705,14731,33025,47756,29370,68383,97753,25812,64937,90749,26668,59116,85784,92499,133931,226430,101113,154881,255994,37442,75172,112614,5512,18113,23625
2021-05-15,339569,612744,952313,14751,33069,47820,29412,68453,97865,25846,64986,90832,27865,60324,88189,97493,137395,234888,101209,155055,256264,37472,75295,112767,5521,18167,23688
2021-05-16,340445,615056,955501,14809,33261,48070,29620,69155,98775,26099,65696,91795,28043,60725,88768,97623,137551,235174,101235,155098,256333,37485,75370,112855,5531,18200,23731
2021-05-17,344733,619406,964139,14862,33352,48214,29793,69576,99369,26207,65988,92195,28886,61508,90394,100443,139752,240195,101468,155484,256952,37527,75484,113011,5547,18262,23809
2021-05-18,349311,623328,972639,14893,33406,48299,29856,69653,99509,26270,66072,92342,29753,62355,92108,103860,142268,246128,101568,155685,257253,37555,75580,113135,5556,18309,23865
2021-05-19,352782,626696,979478,14935,33508,48443,29967,69869,99836,26316,66191,92507,30386,62996,93382,106312,144091,250403,101709,156017,257726,37591,75673,113264,5566,18351,23917
2021-05-20,363373,638669,1002042,15010,33655,48665,30118,70110,100228,26404,66372,92776,33314,66312,99626,112910,150596,263506,102286,157048,259334,37740,76114,113854,5591,18462,24053
2021-05-21,365527,643073,1008600,15115,33916,49031,30307,70658,100965,26512,66772,93284,33411,66660,100071,113361,151431,264792,103407,158846,262253,37815,76273,114088,5599,18517,24116
2021-05-22,367054,645204,1012258,15168,33991,49159,30351,70721,101072,26535,66835,93370,33619,66921,100540,114329,152665,266994,103602,159189,262791,37846,76344,114190,5604,18538,24142
2021-05-23,369432,647571,1017003,15193,34037,49230,30377,70788,101165,26561,66876,93437,34626,68011,102637,115515,153551,269066,103683,159344,263027,37866,76409,114275,5611,18555,24166
2021-05-24,370130,649152,1019282,15230,34119,49349,30443,70922,101365,26601,66978,93579,34851,68253,103104,115788,154434,270222,103735,159449,263184,37871,76434,114305,5611,18563,24174
2021-05-25,374756,657661,1032417,15242,34143,49385,30450,70939,101389,26604,66997,93601,35030,68425,103455,116067,155177,271244,104216,160286,264502,41131,82153,123284,6016,19541,25557
2021-05-26,377041,661091,1038132,15276,34193,49469,30495,71021,101516,26641,67069,93710,36102,69394,105496,116268,155515,271783,104384,160603,264987,41755,83475,125230,6120,19821,25941
2021-05-27,386419,676176,1062595,15340,34314,49654,30595,71186,101781,26735,67232,93967,38787,71853,110640,116554,155726,272280,105079,161802,266881,46613,92620,139233,6716,21443,28159
2021-05-28,396962,691126,1088088,15449,34472,49921,30772,71431,102203,27028,67505,94533,44580,78631,123211,116785,155972,272757,105602,162623,268225,49648,98016,147664,7098,22476,29574
2021-05-29,405941,699495,1105436,15453,34480,49933,30784,71443,102227,27658,67979,95637,52346,85563,137909,116976,156203,273179,105681,162753,268434,49911,98519,148430,7132,22555,29687
2021-05-30,414267,707070,1121337,15462,34491,49953,30792,71453,102245,29438,69524,98962,58729,91402,150131,117060,156281,273341,105705,162781,268486,49942,98570,148512,7139,22568,29707
2021-05-31,425840,722485,1148325,15561,34670,50231,30958,71740,102698,35797,75585,111382,62134,96927,159061,117675,157154,274829,105893,163150,269043,50582,100292,150874,7240,22967,30207
2021-06-01,436976,735117,1172093,15755,34927,50682,31561,72158,103719,42864,82968,125832,64326,99452,163778,117792,157330,275122,106055,163429,269484,51318,101593,152911,7305,23260,30565
2021-06-02,446071,748065,1194136,16375,35581,51956,33272,74766,108038,46885,88261,135146,66355,102052,168407,117969,157587,275556,106189,163653,269842,51650,102568,154218,7376,23597,30973
2021-06-03,458757,767623,1226380,19394,40620,60014,38507,82736,121243,50150,92674,142824,66936,102905,169841,118135,157813,275948,106280,163853,270133,51928,103224,155152,7427,23798,31225
2021-06-04,472014,783921,1255935,22367,44210,66577,43286,87486,130772,53106,96892,149998,67954,104300,172254,119190,158986,278176,106583,164386,270969,52065,103714,155779,7463,23947,31410
2021-06-05,483026,794296,1277322,25063,46604,71667,48095,91452,139547,54973,98639,153612,68642,105017,173659,119851,159739,279590,106733,164677,271410,52174,104081,156255,7495,24087,31582
2021-06-06,491446,804112,1295558,28111,50639,78750,51894,95550,147444,55897,99372,155269,69067,105395,174462,119927,159823,279750,106791,164809,271600,52242,104292,156534,7517,24232,31749
2021-06-07,505121,818313,1323434,31205,54002,85207,55207,98307,153514,59200,102515,161715,72402,109293,181695,120311,160224,280535,106917,165032,271949,52329,104564,156893,7550,24376,31926
2021-06-08,517778,835378,1353156,32214,55496,87710,56568,100354,156922,60679,104572,165251,80488,119234,199722,120460,160423,280883,107110,165365,272475,52652,105289,157941,7607,24645,32252
2021-06-09,530387,848540,1378927,32554,55834,88388,57222,101030,158252,61388,105131,166519,91195,130346,221541,120554,160554,281108,107166,165452,272618,52686,105438,158124,7622,24755,32377
2021-06-10,544687,863531,1408218,33325,56701,90026,58280,102244,160524,63310,107142,170452,101302,140455,241757,120847,160928,281775,107253,165612,272865,52729,105603,158332,7641,24846,32487
2021-06-11,554464,879387,1433851,33526,56939,90465,58750,102554,161304,64061,107805,171866,102685,141953,244638,120985,161174,282159,108182,167069,275251,58092,115456,173548,8183,26437,34620
2021-06-12,560811,887255,1448066,33968,57534,91502,59366,103355,162721,65417,109361,174778,105774,144981,250755,121034,161258,282292,108327,167364,275691,58662,116641,175303,8263,26761,35024
2021-06-13,564934,891664,1456598,34171,57792,91963,59654,103689,163343,66325,110325,176650,108415,147706,256121,121072,161298,282370,108339,167383,275722,58689,116701,175390,8269,26770,35039
2021-06-14,571048,898379,1469427,34920,58650,93570,60690,104762,165452,67680,111678,179358,111076,150529,261605,121121,161367,282488,108380,167482,275862,58888,117045,175933,8293,26866,35159
2021-06-15,585036,912104,1497140,35043,58839,93882,60897,105056,165953,68118,112140,180258,123634,162168,285802,121339,161593,282932,108525,167794,276319,59148,117529,176677,8332,26985,35317
2021-06-16,592679,922393,1515072,35483,59478,94961,61739,106116,167855,69912,114254,184166,125688,164418,290106,121502,161810,283312,110423,170560,280983,59527,118453,177980,8405,27304,35709
2021-06-17,604277,936726,1541003,35684,59770,95454,62184,106563,168747,72908,117491,190399,129883,168728,298611,122033,162499,284532,113180,174628,287808,59921,119411,179332,8484,27636,36120
2021-06-18,618774,951997,1570771,36358,60607,96965,63263,107693,170956,81340,125527,206867,133107,172026,305133,122435,163052,285487,113673,175428,289101,60085,119857,179942,8513,27807,36320
2021-06-19,629424,963595,1593019,36578,60909,97487,63414,107945,171359,89650,133980,223630,134573,173469,308042,122687,163337,286024,113777,175643,289420,60200,120277,180477,8545,28035,36580
2021-06-20,629438,963608,1593046,36582,60911,97493,63417,107946,171363,89654,133986,223640,134575,173472,308047,122687,163338,286025,113778,175643,289421,60200,120277,180477,8545,28035,36580
2021-06-21,635478,969749,1605227,36609,60938,97547,63459,108004,171463,94716,138999,233715,135233,174099,309332,122844,163528,286372,113847,175740,289587,60219,120369,180588,8551,28072,36623
2021-06-22,640598,974979,1615577,36768,61200,97968,63675,108292,171967,97072,141220,238292,136965,175612,312577,123292,164014,287306,113995,175955,289950,60261,120531,180792,8570,28155,36725
2021-06-23,650224,984619,1634843,36916,61443,98359,63870,108657,172527,104969,148785,253754,138073,176541,314614,123434,164241,287675,114062,176074,290136,60316,120662,180978,8584,28216,36800
2021-06-24,665667,1004099,1669766,37126,61853,98979,64519,112838,177357,118071,161808,279879,139157,177731,316888,123666,164556,288222,114191,176289,290480,60348,120769,181117,8589,28255,36844
2021-06-25,678605,1022931,1701536,37530,63045,100575,65244,115882,181126,122916,166749,289665,140136,178852,318988,128246,170786,299032,115369,177943,293312,60539,121277,181816,8625,28397,37022
2021-06-26,687959,1034999,1722958,37571,63088,100659,65286,115939,181225,123762,167591,291353,140705,179556,320261,135118,179544,314662,116164,179164,295328,60700,121618,182318,8653,28499,37152
2021-06-27,696139,1044053,1740192,37637,63200,100837,65365,116083,181448,127294,171202,298496,143494,182378,325872,136174,180785,316959,116716,179999,296715,60788,121859,182647,8671,28547,37218
2021-06-28,713464,1063825,1777289,38337,64875,103212,65981,118503,184484,141145,184125,325270,144755,183671,328426,136873,181804,318677,116861,180259,297120,60829,121968,182797,8683,28620,37303
2021-06-29,731762,1082546,1814308,38542,65237,103779,66447,119329,185776,156927,199064,355991,145515,184464,329979,137588,182860,320448,117107,180682,297789,60939,122206,183145,8697,28704,37401
2021-06-30,751424,1101929,1853353,38711,65457,104168,71625,124253,195878,169225,210746,379971,146201,185129,331330,138764,184394,323158,117212,180876,298088,60978,122304,183282,8708,28770,37478
2021-07-01,764255,1115403,1879658,38836,65688,104524,76467,129032,205499,174790,216003,390793,147164,186195,333359,139576,185502,325078,117569,181454,299023,61119,122633,183752,8734,28896,37630
2021-07-02,774162,1133771,1907933,39428,66891,106319,78829,132808,211637,176318,217747,394065,147523,186726,334249,140410,186897,327307,118219,182661,300880,64224,129522,193746,9211,30519,39730
2021-07-03,785115,1146125,1931240,39452,66936,106388,84887,138142,223029,178876,220482,399358,148027,187305,335332,140824,187443,328267,118557,183291,301848,65153,131505,196658,9339,31021,40360
2021-07-04,795566,1156488,1952054,39968,67787,107755,94087,146602,240689,179283,220954,400237,148163,187432,335595,140916,187576,328492,118617,183372,301989,65182,131660,196842,9350,31105,40455
2021-07-05,800664,1162046,1962710,40243,68203,108446,97629,149619,247248,179539,221242,400781,148302,187567,335869,141238,188041,329279,118857,183787,302644,65463,132284,197747,9393,31303,40696
2021-07-06,813725,1174296,1988021,40679,68880,109559,109268,159488,268756,179819,221576,401395,148495,187817,336312,141420,188259,329679,118963,184008,302971,65651,132791,198442,9430,31477,40907
2021-07-07,819434,1180648,2000082,40849,69046,109895,113232,163082,276314,180501,222515,403016,148752,188224,336976,141570,188484,330054,119117,184322,303439,65935,133342,199277,9478,31633,41111
2021-07-08,838312,1196999,2035311,41224,69582,110806,128300,175415,303715,182800,224595,407395,149471,188959,338430,141854,188845,330699,119188,184449,303637,65982,133477,199459,9493,31677,41170
2021-07-09,851188,1210054,2061242,41902,70310,112212,136999,183662,320661,185023,226798,411821,150313,189797,340110,142123,189262,331385,119327,184972,304299,66004,133555,199559,9497,31698,41195
2021-07-10,862012,1221562,2083574,43372,72080,115452,144969,191503,336472,185411,227235,412646,150500,190034,340534,142589,189817,332406,119582,185396,304978,66081,133749,199830,9508,31748,41256
2021-07-11,864176,1225228,2089404,43631,72444,116075,146042,192793,338835,185575,227618,413193,150572,190235,340807,142613,189857,332470,119694,185603,305297,66488,134713,201201,9561,31965,41526
2021-07-12,882203,1241266,2123469,46692,75403,122095,160055,204556,364611,186027,228155,414182,150807,190516,341323,142721,190033,332754,119754,185730,305484,66569,134860,201429,9578,32013,41591
2021-07-13,892569,1250095,2142664,48481,77047,125528,167426,210563,377989,186792,228795,415587,151085,190799,341884,142823,190144,332967,119795,185796,305591,66583,134908,201491,9584,32043,41627
2021-07-14,896079,1253440,2149519,49126,77775,126901,169720,212477,382197,187104,229171,416275,151248,190969,342217,142880,190208,333088,119813,185844,305657,66598,134935,201533,9590,32061,41651
2021-07-15,910160,1273197,2183357,49562,78497,128059,171028,214868,385896,194005,236253,430258,152462,193350,345812,143597,191354,334951,122385,189626,312011,67407,136721,204128,9714,32528,42242
2021-07-16,924075,1293053,2217128,49914,78930,128844,172070,217884,389954,201298,244338,445636,152966,194039,347005,143750,191553,335303,126475,195683,322158,67817,137801,205618,9785,32825,42610
2021-07-17,936349,1306579,2242928,51346,80683,132029,177229,223307,400536,205570,248839,454409,153755,194900,348655,143998,191818,335816,126770,196189,322959,67881,137973,205854,9800,32870,42670
2021-07-18,947617,1318606,2266223,54364,84490,138854,180157,225961,406118,209196,252470,461666,155198,196362,351560,144165,192054,336219,126834,196327,323161,67900,138051,205951,9803,32891,42694
2021-07-19,964339,1336682,2301021,57083,87817,144900,181646,228556,410202,220060,262502,482562,156305,197469,353774,144369,192285,336654,126967,196543,323510,68058,138488,206546,9851,33022,42873
2021-07-20,982928,1356458,2339386,64572,96342,160914,184196,231474,415670,227422,269256,496678,157037,198248,355285,144566,192526,337092,127123,196844,323967,68143,138685,206828,9869,33083,42952
2021-07-21,1001586,1375381,2376967,78547,110415,188962,187532,234804,422336,228116,269984,498100,157374,198574,355948,144724,192685,337409,127250,197073,324323,68167,138738,206905,9876,33108,42984
2021-07-22,1020693,1392915,2413608,91578,122081,213659,191640,238422,430062,229299,271158,500457,157879,199194,357073,144893,192927,337820,127323,197170,324493,68196,138817,207013,9885,33146,43031
2021-07-23,1036266,1410538,2446804,97554,129225,226779,194459,241325,435784,234965,277219,512184,158670,200146,358816,145098,193232,338330,127405,197305,324710,68227,138904,207131,9888,33182,43070
2021-07-24,1050550,1425198,2475748,98295,130208,228503,194952,241787,436739,240640,282685,523325,165608,207242,372850,145357,193556,338913,127499,197427,324926,68305,139061,207366,9894,33232,43126
2021-07-25,1062166,1439063,2501229,105210,139307,244517,197883,244563,442446,241541,283720,525261,166229,207864,374093,145552,193763,339315,127533,197485,325018,68320,139103,207423,9898,33258,43156
2021-07-26,1079780,1460986,2540766,110767,146321,257088,202325,250267,452592,246136,289146,535282,168658,210610,379268,145926,194282,340208,127680,197797,325477,68382,139252,207634,9906,33311,43217
2021-07-27,1095121,1479913,2575034,117880,154640,272520,205326,254127,459453,248963,292778,541741,169909,212097,382006,146735,195191,341926,127915,198202,326117,68468,139499,207967,9925,33379,43304
2021-07-28,1112968,1500440,2613408,133194,171832,305026,206612,255619,462231,249696,293817,543513,170229,212569,382798,146868,195367,342235,127949,198289,326238,68486,139546,208032,9934,33401,43335
2021-07-29,1132045,1518760,2650805,148419,186120,334539,208639,257522,466161,250770,295054,545824,170720,213109,383829,147038,195549,342587,128015,198366,326381,68503,139602,208105,9941,33438,43379
2021-07-30,1148689,1535196,2683885,154230,191480,345710,214725,263418,478143,254140,298525,552665,171767,214285,386052,147269,195837,343106,128076,198511,326587,68537,139660,208197,9945,33480,43425
2021-07-31,1163214,1546460,2709674,155859,193208,349067,222424,270068,492492,258435,300552,558987,172398,214781,387179,147466,196029,343495,128124,198590,326714,68557,139721,208278,9951,33511,43462
2021-08-01,1169592,1554254,2723846,157289,195111,352400,225257,273571,498828,259818,301988,561806,172879,215328,388207,147651,196264,343915,128171,198685,326856,68573,139772,208345,9954,33535,43489
2021-08-02,1188293,1572422,2760715,160276,198468,358744,236436,283472,519908,263409,305718,569127,173568,216090,389658,147827,196501,344328,128228,198789,327017,68589,139829,208418,9960,33555,43515
2021-08-03,1204813,1587863,2792676,168370,205839,374209,239423,286177,525600,265999,307914,573913,176050,218802,394852,148117,196782,344899,128283,198884,327167,68604,139886,208490,9967,33579,43546
2021-08-04,1217819,1603160,2820979,170368,208409,378777,242180,289048,531228,267623,309932,577555,182398,226235,408633,148305,197022,345327,128351,198983,327334,68624,139934,208558,9970,33597,43567
2021-08-05,1227021,1612133,2839154,174091,211901,385992,245797,292448,538245,268894,311222,580116,182827,226734,409561,148429,197178,345607,128378,199070,327448,68634,139964,208598,9971,33616,43587
2021-08-06,1231498,1617520,2849018,174765,212692,387457,246671,293236,539907,269263,311574,580837,183037,226982,410019,149545,198651,348196,129580,200732,330312,68662,140021,208683,9975,33632,43607
2021-08-07,1241789,1632004,2873793,175864,213602,389466,246742,293309,540051,269323,311650,580973,183097,227046,410143,150852,200537,351389,137170,211984,349154,68751,140198,208949,9990,33678,43668
2021-08-08,1250902,1644988,2895890,175872,213621,389493,246757,293327,540084,269335,311666,581001,183125,227108,410233,156152,207795,363947,140792,217344,358136,68861,140411,209272,10008,33716,43724
2021-08-09,1265226,1664719,2929945,176016,213789,389805,246982,293552,540534,269517,311905,581422,184170,228643,412813,166775,222402,389177,142792,220036,362828,68954,140630,209584,10020,33762,43782
2021-08-10,1279676,1683825,2963501,176386,214232,390618,247500,294099,541599,270716,312752,583468,185527,230457,415984,174069,232232,406301,146364,225362,371726,69074,140873,209947,10040,33818,43858
2021-08-11,1294733,1700517,2995250,177722,215358,393080,247794,294553,542347,271023,313186,584209,187961,233091,421052,182923,241336,424259,148053,228017,376070,69201,141102,210303,10056,33874,43930
2021-08-12,1304429,1713500,3017929,178114,215796,393910,248052,294846,542898,271256,313464,584720,189779,235372,425151,186661,245659,432320,151165,233018,384183,69321,141401,210722,10081,33944,44025
2021-08-13,1317572,1731756,3049328,178239,215931,394170,248243,295034,543277,271408,313657,585065,190155,235826,425981,192285,252660,444945,157492,242394,399886,69620,142127,211747,10130,34127,44257
2021-08-14,1326060,1744532,3070592,178338,216071,394409,248412,295260,543672,271575,313974,585549,191763,238012,429775,197839,260858,458697,158280,243794,402074,69704,142372,212076,10149,34191,44340
2021-08-15,1337795,1757255,3095050,178822,216641,395463,249235,296252,545487,273011,315407,588418,198509,245067,443576,199549,262500,462049,158720,244562,403282,69782,142566,212348,10167,34260,44427
2021-08-16,1347250,1769254,3116504,180259,218244,398503,250384,297518,547902,275534,318354,593888,200431,247450,447881,200655,263924,464579,159877,246489,406366,69914,142921,212835,10196,34354,44550
2021-08-17,1363526,1783375,3146901,187863,224920,412783,256678,303016,559694,276922,319579,596501,201226,247871,449097,200797,264107,464904,159911,246559,406470,69928,142963,212891,10201,34360,44561
2021-08-18,1375055,1795785,3170840,192744,229538,422282,258104,304778,562882,278126,320963,599089,202984,249755,452739,202505,265825,468330,160387,247396,407783,69995,143127,213122,10210,34403,44613
2021-08-19,1381097,1802063,3183160,195172,231847,427019,258924,305584,564508,278604,321551,600155,204439,251160,455599,203095,266484,469579,160619,247808,408427,70029,143205,213234,10215,34424,44639
2021-08-20,1394448,1814503,3208951,197699,234427,432126,260459,306748,567207,279836,322562,602398,212195,258374,470569,203305,266738,470043,160688,247959,408647,70048,143258,213306,10218,34437,44655
2021-08-21,1403889,1826734,3230623,199298,236556,435854,262742,310114,572856,282048,325516,607564,215047,261485,476532,203685,267161,470846,160778,248117,408895,70068,143326,213394,10223,34459,44682
2021-08-22,1413872,1838010,3251882,200848,238513,439361,268017,315628,583645,283801,327636,611437,216016,262611,478627,204036,267579,471615,160847,248227,409074,70082,143355,213437,10225,34461,44686
2021-08-23,1431282,1853785,3285067,208229,245480,453709,275771,321950,597721,285129,328986,614115,216692,263335,480027,204246,267833,472079,160894,248328,409222,70095,143394,213489,10226,34479,44705
2021-08-24,1443829,1867073,3310902,217268,254761,472029,277702,323769,601471,285939,329946,615885,217242,264104,481346,204416,268117,472533,160930,248439,409369,70102,143440,213542,10230,34497,44727
2021-08-25,1459632,1882972,3342604,219646,257185,476831,278889,325324,604213,292725,336369,629094,222141,268866,491007,204828,268590,473418,161037,248591,409628,70131,143522,213653,10235,34525,44760
2021-08-26,1474850,1900735,3375585,221567,259684,481251,279829,326646,606475,293314,337213,630527,225891,272553,498444,211559,275499,487058,162151,250553,412704,70271,143951,214222,10268,34636,44904
2021-08-27,1493420,1918920,3412340,232550,270557,503107,283243,329433,612676,294331,338257,632588,228334,275076,503410,212121,276166,488287,162269,250747,413016,70299,144022,214321,10273,34662,44935
2021-08-28,1504573,1932334,3436907,240775,281089,521864,284912,330894,615806,295120,338983,634103,228673,275529,504202,212205,276282,488487,162306,250837,413143,70307,144052,214359,10275,34668,44943
2021-08-29,1516101,1945220,3461321,241759,282374,524133,285469,331616,617085,297160,341100,638260,236122,283568,519690,212529,276699,489228,162428,251071,413499,70354,144110,214464,10280,34682,44962
2021-08-30,1532213,1962116,3494329,245828,286080,531908,287849,333944,621793,300360,344100,644460,240041,287543,527584,214191,278839,493030,163180,252379,415559,70471,144457,214928,10293,34774,45067
2021-08-31,1548009,1979650,3527659,257036,298853,555889,289909,335833,625742,301969,345778,647747,240690,288276,528966,214373,279106,493479,163246,252497,415743,70488,144513,215001,10298,34794,45092
2021-09-01,1564129,1996854,3560983,271531,313278,584809,290528,336498,627026,302359,346299,648658,240961,288756,529717,214613,279850,494463,163336,252785,416121,70502,144583,215085,10299,34805,45104
2021-09-02,1580156,2016003,3596159,281286,323047,604333,292076,338880,630956,305018,350164,655182,242483,291092,533575,214978,280352,495330,163491,253002,416493,70522,144652,215174,10302,34814,45116
2021-09-03,1594943,2033318,3628261,287418,329217,616635,293730,340641,634371,309363,355942,665305,244113,293253,537366,215808,281411,497219,163654,253290,416944,70552,144726,215278,10305,34838,45143
2021-09-04,1607160,2045446,3652606,290733,332546,623279,297188,343841,641029,314105,360723,674828,244651,293794,538445,215924,281578,497502,163694,253363,417057,70558,144759,215317,10307,34842,45149
2021-09-05,1619471,2057623,3677094,292004,333892,625896,299625,346156,645781,321770,368260,690030,245419,294532,539951,216049,281756,497805,163732,253403,417135,70564,144776,215340,10308,34848,45156
2021-09-06,1635832,2073700,3709532,293608,335402,629010,300304,346919,647223,332676,379060,711736,248050,296801,544851,216468,282267,498735,163826,253551,417377,70584,144838,215422,10316,34862,45178
2021-09-07,1654095,2094000,3748095,294591,336784,631375,301999,349456,651455,340827,386717,727544,251721,300646,552367,219441,285734,505175,164492,254587,419079,70681,145147,215828,10343,34929,45272
2021-09-08,1664765,2104734,3769499,297150,339019,636169,304732,352019,656751,343890,389904,733794,253205,302284,555489,220065,286404,506469,164658,254867,419525,70717,145269,215986,10348,34968,45316
2021-09-09,1680146,2119946,3800092,299666,341673,641339,314026,360524,674550,346108,392319,738427,254280,303476,557756,220279,286674,506953,164706,254962,419668,70730,145337,216067,10351,34981,45332
2021-09-10,1685221,2125412,3810633,301952,343858,645810,314816,361492,676308,346496,392747,739243,255478,304790,560268,220611,287081,507692,164769,255085,419854,70746,145374,216120,10353,34985,45338
2021-09-11,1688636,2128696,3817332,302643,344547,647190,316478,362892,679370,346757,393049,739806,256174,305553,561727,220686,287161,507847,164797,255117,419914,70748,145389,216137,10353,34988,45341
2021-09-12,1689501,2129679,3819180,302862,344831,647693,316823,363226,680049,346944,393266,740210,256265,305665,561930,220704,287181,507885,164802,255130,419932,70748,145391,216139,10353,34989,45342
2021-09-13,1696945,2137000,3833945,307245,349380,656625,319474,365546,685020,347161,393494,740655,256385,305791,562176,220744,287219,507963,164820,255154,419974,70757,145416,216173,10359,35000,45359
2021-09-14,1703454,2144633,3848087,307751,349987,657738,319890,366023,685913,347552,393951,741503,260644,310324,570968,221497,288470,509967,164975,255375,420350,70783,145481,216264,10362,35022,45384
2021-09-15,1721103,2164636,3885739,308908,351581,660489,321541,368346,689887,350958,397829,748787,269361,319180,588541,223892,291229,515121,165209,255790,420999,70854,145619,216473,10380,35062,45442
2021-09-16,1737815,2183687,3921502,311313,355002,666315,331161,378486,709647,353369,400426,753795,270730,320865,591595,224622,292068,516690,165341,256041,421382,70891,145714,216605,10388,35085,45473
2021-09-17,1751895,2197985,3949880,319777,363621,683398,334325,381420,715745,354684,401770,756454,271529,321743,593272,224855,292372,517227,165420,256171,421591,70912,145783,216695,10393,35105,45498
2021-09-18,1764168,2211230,3975398,328432,372638,701070,336452,383629,720081,355598,402915,758513,271981,322346,594327,224951,292547,517498,165439,256233,421672,70920,145812,216732,10395,35110,45505
2021-09-19,1773402,2220614,3994016,333766,377746,711512,338593,385784,724377,356638,404063,760701,272496,322910,595406,225083,292736,517819,165493,256371,421864,70937,145877,216814,10396,35127,45523
2021-09-20,1780674,2227599,4008273,337253,381097,718350,340813,387659,728472,357505,404983,762488,272929,323365,596294,225258,292942,518200,165570,256501,422071,70947,145917,216864,10399,35135,45534
2021-09-21,1793140,2239212,4032352,347358,390456,737814,342169,388745,730914,358061,405533,763594,273225,323716,596941,225366,293114,518480,165601,256562,422163,70958,145940,216898,10402,35146,45548
2021-09-22,1801841,2247103,4048944,352944,395363,748307,344187,390386,734573,358645,406139,764784,273524,324085,597609,225499,293284,518783,165662,256689,422351,70974,145988,216962,10406,35169,45575
2021-09-23,1807705,2253097,4060802,356921,399454,756375,345274,391357,736631,359099,406606,765705,273760,324359,598119,225557,293382,518939,165703,256744,422447,70985,146018,217003,10406,35177,45583
2021-09-24,1813504,2259062,4072566,359906,402522,762428,346517,392591,739108,360086,407553,767639,274188,324803,598991,225661,293530,519191,165743,256814,422557,70995,146056,217051,10408,35193,45601
2021-09-25,1817212,2262152,4079364,361047,403460,764507,347851,393441,741292,360664,408165,768829,274692,325341,600033,225785,293639,519424,165761,256841,422602,71003,146067,217070,10409,35198,45607
2021-09-26,1829543,2273444,4102987,361737,404235,765972,349482,395112,744594,365746,412627,778373,279232,329168,608400,226105,294017,520122,165815,256949,422764,71015,146127,217142,10411,35209,45620
2021-09-27,1841596,2284610,4126206,363675,406538,770213,354951,399895,754846,368937,415313,784250,280429,330145,610574,226294,294269,520563,165861,257038,422899,71037,146183,217220,10412,35229,45641
2021-09-28,1855742,2298674,4154416,364705,407513,772218,364682,408184,772866,370196,416745,786941,281237,331098,612335,226855,295048,521903,166464,258165,424629,71175,146592,217767,10428,35329,45757
2021-09-29,1864556,2307341,4171897,367294,410292,777586,369119,412003,781122,371079,417634,788713,281787,331668,613455,227060,295297,522357,166578,258392,424970,71211,146696,217907,10428,35359,45787
2021-09-30,1873191,2317318,4190509,372700,416095,788795,370240,413395,783635,372145,418614,790759,282530,332752,615282,227287,295780,523067,166634,258554,425188,71226,146759,217985,10429,35369,45798
2021-10-01,1878920,2322974,4201894,375643,419134,794777,371502,414637,786139,373012,419337,792349,283028,333177,616205,227410,295914,523324,166664,258611,425275,71231,146789,218020,10430,35375,45805
2021-10-02,1881798,2325803,4207601,376830,420365,797195,372351,415364,787715,373505,419812,793317,283272,333394,616666,227484,296011,523495,166685,258660,425345,71240,146815,218055,10431,35382,45813
2021-10-03,1885026,2328609,4213635,378357,421704,800061,373371,416115,789486,373917,420168,794085,283432,333574,617006,227565,296120,523685,166704,258706,425410,71248,146836,218084,10432,35386,45818
2021-10-04,1890820,2334175,4224995,380890,424062,804952,375245,417701,792946,374653,420898,795551,283848,334050,617898,227729,296378,524107,166758,258808,425566,71261,146877,218138,10436,35401,45837
2021-10-05,1894298,2337608,4231906,382302,425512,807814,376210,418534,794744,375248,421478,796726,284208,334442,618650,227841,296486,524327,166782,258844,425626,71269,146902,218171,10438,35410,45848
2021-10-06,1901550,2345014,4246564,387909,431348,819257,376963,419169,796132,375731,421928,797659,284474,334731,619205,227938,296597,524535,166813,258887,425700,71281,146931,218212,10441,35423,45864
2021-10-07,1904651,2348074,4252725,389243,432519,821762,377818,419966,797784,376148,422371,798519,284807,335117,619924,228064,296765,524829,166841,258947,425788,71284,146956,218240,10446,35433,45879
2021-10-08,1915345,2358562,4273907,389910,433440,823350,384003,425446,809449,377361,423681,801042,286199,336598,622797,229234,297924,527158,166890,259037,425927,71301,146997,218298,10447,35439,45886
2021-10-09,1925193,2368251,4293444,390533,434191,824724,388496,429421,817917,378597,424930,803527,288473,338952,627425,230401,299148,529549,166933,259132,426065,71313,147031,218344,10447,35446,45893
2021-10-10,1932210,2375437,4307647,390980,434819,825799,392081,432743,824824,379384,425822,805206,289811,340313,630124,231225,300040,531265,166958,259193,426151,71323,147055,218378,10448,35452,45900
2021-10-11,1936879,2380002,4316881,393586,437255,830841,393158,433788,826946,379960,426355,806315,290091,340625,630716,231309,300165,531474,166993,259260,426253,71333,147098,218431,10449,35456,45905
2021-10-12,1947891,2390322,4338213,400431,443405,843836,394560,435112,829672,381260,427697,808957,291037,341580,632617,231743,300590,532333,167062,259348,426410,71348,147127,218475,10450,35463,45913
2021-10-13,1964517,2407840,4372357,415628,459268,874896,395011,435590,830601,381700,428167,809867,291392,342026,633418,231892,300770,532662,167081,259385,426466,71360,147154,218514,10453,35480,45933
2021-10-14,1977705,2420955,4398660,425385,468761,894146,396752,437325,834077,382582,429068,811650,291925,342644,634569,232090,300999,533089,167138,259465,426603,71376,147201,218577,10457,35492,45949
2021-10-15,1990705,2433526,4424231,432894,475527,908421,399974,440352,840326,383914,430449,814363,292559,343478,636037,232308,301383,533691,167206,259583,426789,71392,147245,218637,10458,35509,45967
2021-10-16,1999499,2442497,4441996,439291,481826,921117,401271,441681,842952,384549,431188,815737,292867,343832,636699,232428,301536,533964,167236,259647,426883,71399,147268,218667,10458,35519,45977
2021-10-17,2002633,2446084,4448717,441402,484060,925462,401693,442214,843907,384834,431541,816375,293069,344102,637171,232518,301656,534174,167256,259696,426952,71402,147291,218693,10459,35524,45983
2021-10-18,2014861,2457916,4472777,451153,493571,944724,402700,443076,845776,385665,432254,817919,293551,344573,638124,232650,301853,534503,167276,259738,427014,71407,147314,218721,10459,35537,45996
2021-10-19,2024139,2466783,4490922,456964,499135,956099,404261,444425,848686,386691,433248,819939,294090,345129,639219,232944,302173,535117,167309,259795,427104,71420,147332,218752,10460,35546,46006
2021-10-20,2033160,2475410,4508570,464110,505999,970109,405105,445155,850260,387281,433797,821078,294386,345419,639805,233057,302290,535347,167331,259845,427176,71427,147353,218780,10463,35552,46015
2021-10-21,2044031,2486674,4530705,472705,515085,987790,406162,446059,852221,387867,434336,822203,294756,345787,640543,233255,302518,535773,167368,259910,427278,71453,147402,218855,10465,35577,46042
2021-10-22,2057886,2501326,4559212,483663,526447,1010110,407536,447456,854992,388554,435140,823694,295344,346446,641790,233446,302784,536230,167411,260007,427418,71467,147458,218925,10465,35588,46053
2021-10-23,2066608,2510137,4576745,491132,533996,1025128,408224,448123,856347,388813,435426,824239,295522,346610,642132,233537,302870,536407,167434,260042,427476,71477,147475,218952,10469,35595,46064
2021-10-24,2075772,2519289,4595061,499833,542635,1042468,408416,448321,856737,388940,435571,824511,295601,346691,642292,233583,302928,536511,167446,260063,427509,71482,147482,218964,10471,35598,46069
2021-10-25,2085763,2529617,4615380,507884,550549,1058433,409274,449201,858475,389545,436269,825814,295902,347110,643012,233699,303156,536855,167490,260183,427673,71495,147538,219033,10474,35611,46085
2021-10-26,2097567,2541095,4638662,518240,560638,1078878,410048,449880,859928,389879,436616,826495,296112,347305,643417,233786,303235,537021,167519,260225,427744,71507,147569,219076,10476,35627,46103
2021-10-27,2110032,2553780,4663812,529446,571983,1101429,410615,450455,861070,390251,436990,827241,296319,347519,643838,233862,303344,537206,167551,260270,427821,71512,147589,219101,10476,35630,46106
2021-10-28,2122848,2566762,4689610,540759,583378,1124137,411292,451083,862375,390669,437416,828085,296580,347800,644380,233958,303488,537446,167589,260327,427916,71520,147624,219144,10481,35646,46127
2021-10-29,2135373,2579257,4714630,552377,594949,1147326,411777,451516,863293,390884,437659,828543,296705,347920,644625,234019,303550,537569,167603,260359,427962,71526,147649,219175,10482,35655,46137
2021-10-30,2143963,2587959,4731922,560339,603002,1163341,412118,451829,863947,391039,437826,828865,296790,348011,644801,234059,303597,537656,167608,260381,427989,71528,147656,219184,10482,35657,46139
2021-10-31,2152024,2595879,4747903,567718,610269,1177987,412457,452173,864630,391222,437978,829200,296891,348098,644989,234095,303633,537728,167624,260405,428029,71533,147664,219197,10484,35659,46143
2021-11-01,2160015,2603065,4763080,572333,614680,1187013,414761,453870,868631,391860,438500,830360,297174,348402,645576,234218,303792,538010,167649,260471,428120,71536,147682,219218,10484,35668,46152
2021-11-02,2163997,2607042,4771039,574833,616913,1191746,415618,454733,870351,392194,438923,831117,297366,348661,646027,234285,303910,538195,167663,260515,428178,71544,147707,219251,10494,35680,46174
2021-11-03,2173480,2617152,4790632,583679,626390,1210069,415903,454982,870885,392379,439088,831467,297476,348772,646248,234323,303968,538291,167674,260542,428216,71551,147723,219274,10495,35687,46182
2021-11-04,2183187,2626931,4810118,592807,635521,1228328,416156,455259,871415,392545,439239,831784,297563,348857,646420,234362,304030,538392,167693,260587,428280,71561,147741,219302,10500,35697,46197
2021-11-05,2187115,2630455,4817570,596189,638523,1234712,416375,455478,871853,392687,439366,832053,297680,348937,646617,234402,304077,538479,167711,260610,428321,71570,147758,219328,10501,35706,46207
2021-11-06,2190433,2633746,4824179,599091,641338,1240429,416558,455663,872221,392784,439482,832266,297767,349040,646807,234436,304112,538548,167719,260632,428351,71575,147771,219346,10503,35708,46211
2021-11-07,2193669,2636872,4830541,601834,644002,1245836,416780,455866,872646,392916,439590,832506,297846,349098,646944,234472,304157,538629,167735,260656,428391,71583,147788,219371,10503,35715,46218
2021-11-08,2202604,2646059,4848663,609989,652179,1262168,417126,456267,873393,393129,439842,832971,297980,349283,647263,234532,304250,538782,167756,260713,428469,71588,147799,219387,10504,35726,46230
2021-11-09,2206743,2650242,4856985,613562,655693,1269255,417392,456547,873939,393298,440014,833312,298071,349401,647472,234563,304297,538860,167762,260744,428506,71591,147811,219402,10504,35735,46239
2021-11-10,2212727,2655790,4868517,619024,660634,1279658,417638,456806,874444,393425,440147,833572,298144,349489,647633,234615,304351,538966,167782,260783,428565,71594,147832,219426,10505,35748,46253
2021-11-11,2217739,2660576,4878315,623344,664697,1288041,417955,457063,875018,393595,440320,833915,298249,349619,647868,234659,304421,539080,167813,260832,428645,71615,147866,219481,10509,35758,46267
2021-11-12,2225302,2668238,4893540,630214,671604,1301818,418213,457317,875530,393814,440548,834362,298367,349726,648093,234720,304510,539230,167837,260879,428716,71623,147886,219509,10514,35768,46282
2021-11-13,2226502,2669333,4895835,631379,672667,1304046,418226,457327,875553,393826,440557,834383,298372,349734,648106,234723,304514,539237,167837,260880,428717,71624,147886,219510,10515,35768,46283
2021-11-14,2227893,2670706,4898599,632752,674027,1306779,418233,457335,875568,393832,440560,834392,298377,349734,648111,234723,304516,539239,167837,260880,428717,71624,147886,219510,10515,35768,46283
2021-11-15,2234659,2677507,4912166,638810,680053,1318863,418481,457614,876095,394075,440807,834882,298546,349899,648445,234758,304558,539316,167846,260906,428752,71628,147900,219528,10515,35770,46285
2021-11-16,2244750,2687276,4932026,646491,687680,1334171,419531,458472,878003,394947,441548,836495,298858,350201,649059,234892,304714,539606,167878,260951,428829,71636,147931,219567,10517,35779,46296
2021-11-17,2256773,2699038,4955811,657914,698795,1356709,419859,458758,878617,395077,441706,836783,298952,350303,649255,234920,304759,539679,167887,260980,428867,71640,147948,219588,10524,35789,46313
2021-11-18,2268378,2710405,4978783,668989,709609,1378598,420095,458975,879070,395237,441860,837097,299039,350396,649435,234952,304802,539754,167897,260997,428894,71643,147964,219607,10526,35802,46328
2021-11-19,2279569,2721290,5000859,679284,719532,1398816,420509,459376,879885,395467,442096,837563,299194,350574,649768,235014,304881,539895,167925,261035,428960,71650,147984,219634,10526,35812,46338
2021-11-20,2283252,2725200,5008452,682602,723031,1405633,420649,459513,880162,395569,442213,837782,299271,350649,649920,235038,304929,539967,167938,261056,428994,71657,147995,219652,10528,35814,46342
2021-11-21,2287061,2729109,5016170,685903,726392,1412295,420827,459694,880521,395706,442368,838074,299392,350777,650169,235088,304981,540069,167952,261075,429027,71663,148003,219666,10530,35819,46349
2021-11-22,2291842,2733949,5025791,690170,730679,1420849,421045,459923,880968,395850,442496,838346,299493,350888,650381,235125,305018,540143,167962,261103,429065,71666,148016,219682,10531,35826,46357
2021-11-23,2299381,2741516,5040897,696831,737375,1434206,421456,460302,881758,396085,442716,838801,299652,351049,650701,235171,305084,540255,167980,261127,429107,71673,148031,219704,10533,35832,46365
2021-11-24,2307897,2749800,5057697,704448,744799,1449247,421906,460677,882583,396331,442937,839268,299789,351198,650987,235209,305149,540358,167997,261155,429152,71681,148048,219729,10536,35837,46373
2021-11-25,2310461,2752261,5062722,706378,746607,1452985,422257,460954,883211,396482,443122,839604,299852,351282,651134,235249,305199,540448,168012,261179,429191,71690,148077,219767,10541,35841,46382
2021-11-26,2316702,2758404,5075106,711568,751727,1463295,422715,461381,884096,396784,443397,840181,300037,351438,651475,235311,305288,540599,168041,261224,429265,71703,148097,219800,10543,35852,46395
2021-11-27,2321776,2763493,5085269,716128,756213,1472341,422913,461593,884506,396924,443550,840474,300147,351567,651714,235353,305347,540700,168057,261251,429308,71707,148113,219820,10547,35859,46406
2021-11-28,2326596,2768064,5094660,720491,760306,1480797,423138,461826,884964,397038,443675,840713,300211,351631,651842,235393,305372,540765,168066,261272,429338,71712,148121,219833,10547,35861,46408
2021-11-29,2331310,2772784,5104094,724417,764219,1488636,423537,462221,885758,397267,443891,841158,300324,351731,652055,235424,305430,540854,168076,261295,429371,71716,148129,219845,10549,35868,46417
2021-11-30,2337115,2778535,5115650,729183,768863,1498046,424116,462777,886893,397512,444119,841631,300442,351881,652323,235493,305529,541022,168095,261340,429435,71722,148146,219868,10552,35880,46432
2021-12-01,2344341,2785410,5129751,735470,774730,1510200,424562,463187,887749,397746,444357,842103,300607,352052,652659,235553,305638,541191,168120,261389,429509,71730,148167,219897,10553,35890,46443
2021-12-02,2351619,2792832,5144451,741634,780818,1522452,425085,463677,888762,398117,444773,842890,300743,352284,653027,235607,305729,541336,168144,261454,429598,71735,148195,219930,10554,35902,46456
2021-12-03,2354027,2795157,5149184,743449,782537,1525986,425384,463967,889351,398257,444904,843161,300822,352370,653192,235660,305781,541441,168162,261485,429647,71738,148208,219946,10555,35905,46460
2021-12-04,2356566,2797737,5154303,745639,784757,1530396,425521,464104,889625,398363,444992,843355,300874,352436,653310,235693,305817,541510,168178,261505,429683,71743,148216,219959,10555,35910,46465
2021-12-05,2358543,2799761,5158304,747282,786402,1533684,425693,464270,889963,398436,445081,843517,300926,352499,653425,235719,305854,541573,168185,261518,429703,71746,148224,219970,10556,35913,46469
2021-12-06,2363876,2805067,5168943,751786,790805,1542591,426078,464654,890732,398675,445350,844025,301052,352640,653692,235772,305916,541688,168205,261547,429752,71751,148238,219989,10557,35917,46474
2021-12-07,2367969,2809191,5177160,754932,793928,1548860,426545,465105,891650,398924,445614,844538,301190,352772,653962,235831,306007,541838,168233,261589,429822,71755,148255,220010,10559,35921,46480
2021-12-08,2371059,2812235,5183294,757427,796396,1553823,426791,465320,892111,399077,445756,844833,301313,352891,654204,235879,306063,541942,168252,261614,429866,71759,148267,220026,10561,35928,46489
2021-12-09,2376480,2817518,5193998,762305,801072,1563377,427033,465545,892578,399223,445918,845141,301400,352989,654389,235922,306126,542048,168271,261653,429924,71764,148285,220049,10562,35930,46492
2021-12-10,2379899,2820788,5200687,765255,803817,1569072,427261,465762,893023,399341,446026,845367,301464,353079,654543,235962,306178,542140,168282,261678,429960,71771,148301,220072,10563,35947,46510
2021-12-11,2382231,2823156,5205387,767103,805699,1572802,427495,465955,893450,399452,446149,845601,301538,353169,654707,236008,306217,542225,168296,261699,429995,71776,148317,220093,10563,35951,46514
2021-12-12,2384411,2825169,5209580,768684,807144,1575828,427830,466228,894058,399598,446295,845893,301613,353249,654862,236044,306259,542303,168302,261717,430019,71777,148324,220101,10563,35953,46516
2021-12-13,2386626,2827265,5213891,770110,808542,1578652,428256,466583,894839,399793,446448,846241,301722,353352,655074,236084,306303,542387,168314,261742,430056,71783,148338,220121,10564,35957,46521
2021-12-14,2389770,2830413,5220183,772488,810911,1583399,428618,466901,895519,399997,446669,846666,301843,353455,655298,236137,306373,542510,168330,261777,430107,71791,148361,220152,10566,35966,46532
2021-12-15,2392881,2833531,5226412,774887,813280,1588167,428920,467157,896077,400195,446855,847050,301978,353605,655583,236194,306450,542644,168347,261828,430175,71793,148377,220170,10567,35979,46546
2021-12-16,2396075,2836517,5232592,777450,815689,1593139,429238,467390,896628,400358,446998,847356,302074,353700,655774,236230,306502,542732,168359,261861,430220,71798,148392,220190,10568,35985,46553
2021-12-17,2398987,2839430,5238417,779816,817966,1597782,429490,467619,897109,400500,447142,847642,302155,353826,655981,236279,306568,542847,168374,261898,430272,71803,148420,220223,10570,35991,46561
2021-12-18,2401312,2841686,5242998,781512,819617,1601129,429759,467844,897603,400677,447329,848006,302263,353916,656179,236327,306628,542955,168390,261917,430307,71813,148438,220251,10571,35997,46568
2021-12-19,2403773,2843981,5247754,783341,821330,1604671,430058,468116,898174,400857,447469,848326,302358,354008,656366,236362,306662,543024,168403,261935,430338,71821,148454,220275,10573,36007,46580
2021-12-20,2407404,2847288,5254692,786020,823752,1609772,430568,468551,899119,401109,447681,848790,302477,354120,656597,236403,306713,543116,168421,261972,430393,71830,148482,220312,10576,36017,46593
2021-12-21,2411491,2850928,5262419,789049,826467,1615516,431113,468996,900109,401394,447903,849297,302629,354284,656913,236455,306756,543211,168437,261990,430427,71836,148503,220339,10578,36029,46607
2021-12-22,2415820,2854948,5270768,792435,829506,1621941,431528,469367,900895,401645,448161,849806,302794,354440,657234,236526,306868,543394,168470,262043,430513,71841,148522,220363,10581,36041,46622
2021-12-23,2419720,2858310,5278030,795484,831982,1627466,431958,469750,901708,401885,448402,850287,302917,354570,657487,236567,306934,543501,168483,262080,430563,71845,148543,220388,10581,36049,46630
2021-12-24,2420820,2859279,5280099,796223,832659,1628882,432129,469876,902005,401977,448490,850467,302983,354611,657594,236588,306951,543539,168491,262088,430579,71846,148550,220396,10583,36054,46637
2021-12-25,2420825,2859293,5280118,796224,832661,1628885,432129,469876,902005,401977,448490,850467,302983,354611,657594,236588,306954,543542,168494,262088,430582,71846,148556,220402,10584,36057,46641
2021-12-26,2423037,2861460,5284497,797906,834274,1632180,432382,470147,902529,402130,448646,850776,303063,354669,657732,236615,306986,543601,168504,262110,430614,71852,148565,220417,10585,36063,46648
2021-12-27,2427377,2865365,5292742,800882,836869,1637751,433050,470737,903787,402533,448972,851505,303256,354890,658146,236686,307067,543753,168524,262160,430684,71859,148597,220456,10587,36073,46660
2021-12-28,2431551,2869262,5300813,803741,839559,1643300,433649,471228,904877,402890,449313,852203,303500,355086,658586,236757,307159,543916,168559,262207,430766,71867,148624,220491,10588,36086,46674
2021-12-29,2436097,2873389,5309486,807067,842607,1649674,434261,471711,905972,403246,449654,852900,303668,355219,658887,236810,307213,544023,168577,262238,430815,71877,148657,220534,10591,36090,46681
2021-12-30,2440352,2877159,5317511,810228,845378,1655606,434824,472152,906976,403531,449924,853455,303831,355357,659188,236863,307276,544139,168600,262284,430884,71884,148688,220572,10591,36100,46691
2021-12-31,2441578,2878299,5319877,811121,846187,1657308,434985,472308,907293,403644,450004,853648,303864,355410,659274,236878,307295,544173,168609,262298,430907,71886,148695,220581,10591,36102,46693
2022-01-01,2441585,2878309,5319894,811125,846193,1657318,434986,472310,907296,403646,450004,853650,303864,355411,659275,236878,307296,544174,168609,262298,430907,71886,148695,220581,10591,36102,46693
2022-01-02,2443832,2880469,5324301,812837,847805,1660642,435239,472575,907814,403795,450139,853934,303950,355491,659441,236910,307329,544239,168621,262316,430937,71889,148709,220598,10591,36105,46696
2022-01-03,2447551,2883763,5331314,815101,849844,1664945,436084,473190,909274,404127,450440,854567,304129,355667,659796,236976,307421,544397,168643,262354,430997,71899,148738,220637,10592,36109,46701
2022-01-04,2450680,2886823,5337503,817149,851814,1668963,436623,473651,910274,404412,450743,855155,304299,355839,660138,237039,307499,544538,168662,262398,431060,71902,148766,220668,10594,36113,46707
2022-01-05,2454421,2890376,5344797,819562,854131,1673693,437410,474256,911666,404697,451021,855718,304462,356017,660479,237100,307582,544682,168685,262452,431137,71910,148797,220707,10595,36120,46715
2022-01-06,2457679,2893449,5351128,821974,856337,1678311,437849,474605,912454,404915,451245,856160,304567,356132,660699,237153,307674,544827,168708,262494,431202,71915,148825,220740,10598,36137,46735
2022-01-07,2462696,2898336,5361032,825372,859627,1684999,438748,475378,914126,405309,451600,856909,304751,356341,661092,237245,307814,545059,168737,262559,431296,71930,148866,220796,10604,36151,46755
2022-01-08,2464783,2900307,5365090,826814,861033,1687847,439057,475651,914708,405488,451727,857215,304847,356422,661269,237288,307854,545142,168752,262582,431334,71933,148879,220812,10604,36159,46763
2022-01-09,2467115,2902379,5369494,828493,862535,1691028,439447,475970,915417,405632,451851,857483,304914,356484,661398,237326,307886,545212,168763,262603,431366,71934,148886,220820,10606,36164,46770
2022-01-10,2469828,2904809,5374637,830357,864237,1694594,439912,476312,916224,405848,452028,857876,305017,356571,661588,237358,307942,545300,168785,262642,431427,71942,148907,220849,10609,36170,46779
2022-01-11,2472722,2907558,5380280,832415,866146,1698561,440357,476706,917063,406076,452238,858314,305106,356688,661794,237400,307995,545395,168806,262673,431479,71950,148930,220880,10612,36182,46794
2022-01-12,2475429,2910133,5385562,834498,868086,1702584,440660,476969,917629,406256,452397,858653,305197,356765,661962,237428,308050,545478,168822,262714,431536,71955,148955,220910,10613,36197,46810
2022-01-13,2478200,2912678,5390878,836720,870094,1706814,440923,477207,918130,406404,452538,858942,305275,356836,662111,237467,308094,545561,168834,262737,431571,71962,148966,220928,10615,36206,46821
2022-01-14,2480798,2915066,5395864,838755,872006,1710761,441217,477415,918632,406552,452672,859224,305355,356898,662253,237492,308134,545626,168840,262756,431596,71971,148975,220946,10616,36210,46826
2022-01-15,2482364,2916473,5398837,840035,873160,1713195,441385,477546,918931,406617,452726,859343,305392,356933,662325,237501,308154,545655,168845,262761,431606,71973,148979,220952,10616,36214,46830
2022-01-16,2483846,2917896,5401742,841214,874298,1715512,441564,477691,919255,406686,452789,859475,305423,356974,662397,237520,308173,545693,168849,262771,431620,71974,148983,220957,10616,36217,46833
2022-01-17,2487144,2920989,5408133,843406,876294,1719700,442170,478235,920405,406937,453052,859989,305578,357112,662690,237584,308254,545838,168870,262808,431678,71981,149006,220987,10618,36228,46846
2022-01-18,2490047,2923640,5413687,845319,878005,1723324,442675,478671,921346,407230,453311,860541,305702,357234,662936,237624,308308,545932,168888,262845,431733,71986,149029,221015,10623,36237,46860
2022-01-19,2492845,2926117,5418962,847265,879779,1727044,443118,479001,922119,407453,453475,860928,305803,357334,663137,237684,308354,546038,168909,262880,431789,71989,149050,221039,10624,36244,46868
2022-01-20,2496460,2929558,5426018,849947,882313,1732260,443571,479396,922967,407670,453704,861374,305966,357489,663455,237752,308422,546174,168929,262915,431844,72000,149071,221071,10625,36248,46873
2022-01-21,2499649,2932507,5432156,852284,884428,1736712,443958,479738,923696,407930,453921,861851,306089,357611,663700,237798,308487,546285,168954,262958,431912,72007,149106,221113,10629,36258,46887
2022-01-22,2501075,2933820,5434895,853279,885330,1738609,444172,479925,924097,408060,454033,862093,306148,357669,663817,237819,308506,546325,168960,262976,431936,72008,149119,221127,10629,36262,46891
2022-01-23,2502501,2935044,5437545,854237,886187,1740424,444403,480094,924497,408203,454144,862347,306207,357706,663913,237838,308533,546371,168974,262988,431962,72009,149127,221136,10630,36265,46895
2022-01-24,2505619,2937858,5443477,856344,888051,1744395,444948,480520,925468,408465,454391,862856,306326,357837,664163,237892,308603,546495,168997,263037,432034,72015,149149,221164,10632,36270,46902
2022-01-25,2508455,2940437,5448892,858184,889753,1747937,445416,480885,926301,408730,454615,863345,306489,357987,664476,237958,308672,546630,169022,263068,432090,72024,149169,221193,10632,36288,46920
2022-01-26,2511123,2942883,5454006,860113,891535,1751648,445740,481145,926885,408945,454794,863739,306618,358115,664733,238008,308726,546734,169038,263088,432126,72027,149189,221216,10634,36291,46925
2022-01-27,2513620,2945217,5458837,861996,893313,1755309,446061,481400,927461,409124,454934,864058,306690,358203,664893,238037,308768,546805,169045,263107,432152,72032,149196,221228,10635,36296,46931
2022-01-28,2515756,2947272,5463028,863538,894756,1758294,446344,481628,927972,409285,455084,864369,306772,358316,665088,238081,308820,546901,169056,263140,432196,72041,149220,221261,10639,36308,46947
2022-01-29,2517169,2948577,5465746,864534,895641,1760175,446537,481807,928344,409407,455186,864593,306839,358380,665219,238099,308862,546961,169070,263160,432230,72044,149233,221277,10639,36308,46947
2022-01-30,2518754,2949950,5468704,865702,896677,1762379,446746,481950,928696,409528,455280,864808,306895,358433,665328,238117,308886,547003,169079,263170,432249,72048,149243,221291,10639,36311,46950
2022-01-31,2520822,2951757,5472579,867119,897870,1764989,447096,482226,929322,409693,455442,865135,306982,358514,665496,238147,308925,547072,169087,263193,432280,72057,149265,221322,10641,36322,46963
2022-02-01,2522988,2953807,5476795,868585,899236,1767821,447467,482528,929995,409878,455631,865509,307072,358602,665674,238171,308981,547152,169109,263218,432327,72063,149281,221344,10643,36330,46973
2022-02-02,2525163,2955834,5480997,870067,900593,1770660,447828,482807,930635,410048,455802,865850,307166,358689,665855,238213,309034,547247,169125,263253,432378,72071,149310,221381,10645,36346,46991
2022-02-03,2527085,2957601,5484686,871496,901891,1773387,448088,483006,931094,410165,455936,866101,307235,358743,665978,238239,309058,547297,169137,263282,432419,72076,149328,221404,10649,36357,47006
2022-02-04,2530761,2961183,5491944,874451,904736,1779187,448438,483310,931748,410360,456131,866491,307349,358863,666212,238282,309111,547393,169153,263322,432475,72078,149348,221426,10650,36362,47012
2022-02-05,2532680,2963052,5495732,875877,906104,1781981,448676,483489,932165,410493,456275,866768,307427,358963,666390,238305,309147,547452,169167,263340,432507,72082,149364,221446,10653,36370,47023
2022-02-06,2534655,2964882,5499537,877426,907558,1784984,448882,483665,932547,410632,456384,867016,307480,359008,666488,238325,309166,547491,169174,263356,432530,72082,149372,221454,10654,36373,47027
2022-02-07,2536906,2967049,5503955,879097,909182,1788279,449190,483927,933117,410763,456513,867276,307566,359087,666653,238363,309201,547564,169187,263379,432566,72084,149382,221466,10656,36378,47034
2022-02-08,2539634,2969549,5509183,881071,910993,1792064,449588,484256,933844,410967,456704,867671,307673,359168,666841,238399,309240,547639,169192,263404,432596,72087,149403,221490,10657,36381,47038
2022-02-09,2542277,2972023,5514300,883150,912870,1796020,449884,484534,934418,411125,456848,867973,307739,359249,666988,238426,309282,547708,169204,263423,432627,72090,149424,221514,10659,36393,47052
2022-02-10,2544853,2974415,5519268,885279,914840,1800119,450128,484730,934858,411242,456936,868178,307784,359299,667083,238445,309314,547759,169215,263439,432654,72097,149449,221546,10663,36408,47071
2022-02-11,2547848,2977236,5525084,887568,916982,1804550,450502,485013,935515,411394,457113,868507,307890,359394,667284,238489,309371,547860,169236,263475,432711,72106,149472,221578,10663,36416,47079
2022-02-12,2549940,2979207,5529147,889094,918384,1807478,450784,485250,936034,411576,457292,868868,307964,359469,667433,238505,309410,547915,169243,263497,432740,72111,149486,221597,10663,36419,47082
2022-02-13,2551728,2980931,5532659,890416,919665,1810081,451012,485447,936459,411742,457457,869199,308012,359514,667526,238520,309428,547948,169251,263506,432757,72111,149492,221603,10664,36422,47086
2022-02-14,2553602,2982757,5536359,891843,921013,1812856,451230,485636,936866,411882,457592,869474,308070,359601,667671,238542,309458,548000,169255,263523,432778,72116,149506,221622,10664,36428,47092
2022-02-15,2555382,2984317,5539699,893049,922088,1815137,451537,485890,937427,412038,457711,869749,308139,359653,667792,238564,309485,548049,169266,263541,432807,72123,149516,221639,10666,36433,47099
2022-02-16,2557422,2986158,5543580,894520,923398,1817918,451847,486128,937975,412179,457854,870033,308219,359727,667946,238590,309519,548109,169272,263563,432835,72129,149529,221658,10666,36440,47106
2022-02-17,2559932,2988401,5548333,896510,925265,1821775,452187,486338,938525,412272,457930,870202,308272,359770,668042,238613,309535,548148,169280,263586,432866,72131,149535,221666,10667,36442,47109
2022-02-18,2562133,2990544,5552677,898283,927001,1825284,452410,486520,938930,412378,458022,870400,308335,359841,668176,238635,309566,548201,169289,263603,432892,72135,149544,221679,10668,36447,47115
2022-02-19,2563392,2991645,5555037,899237,927800,1827037,452554,486650,939204,412464,458102,870566,308384,359881,668265,238647,309599,548246,169299,263617,432916,72138,149547,221685,10669,36449,47118
2022-02-20,2564472,2992562,5557034,900009,928447,1828456,452700,486756,939456,412548,458177,870725,308433,359926,668359,238661,309622,548283,169311,263626,432937,72141,149558,221699,10669,36450,47119
2022-02-21,2565959,2993860,5559819,901118,929372,1830490,452875,486909,939784,412654,458278,870932,308497,359984,668481,238681,309651,548332,169321,263644,432965,72142,149569,221711,10671,36453,47124
2022-02-22,2567489,2995399,5562888,902143,930374,1832517,453130,487140,940270,412800,458420,871220,308564,360051,668615,238704,309697,548401,169329,263673,433002,72146,149583,221729,10673,36461,47134
2022-02-23,2568671,2996480,5565151,902957,931108,1834065,453300,487278,940578,412911,458529,871440,308614,360093,668707,238724,309721,548445,169337,263686,433023,72153,149595,221748,10675,36470,47145
2022-02-24,2569708,2997530,5567238,903714,931800,1835514,453437,487417,940854,412984,458624,871608,308661,360138,668799,238740,309746,548486,169343,263713,433056,72154,149611,221765,10675,36481,47156
2022-02-25,2571004,2998768,5569772,904596,932618,1837214,453648,487595,941243,413086,458719,871805,308723,360214,668937,238765,309780,548545,169352,263733,433085,72158,149623,221781,10676,36486,47162
2022-02-26,2572026,2999731,5571757,905408,933365,1838773,453747,487683,941430,413141,458776,871917,308753,360248,669001,238781,309798,548579,169359,263739,433098,72161,149633,221794,10676,36489,47165
2022-02-27,2573104,3000737,5573841,906265,934199,1840464,453836,487749,941585,413208,458822,872030,308799,360287,669086,238793,309810,548603,169365,263746,433111,72162,149634,221796,10676,36490,47166
2022-02-28,2573845,3001387,5575232,906849,934724,1841573,453918,487804,941722,413247,458865,872112,308826,360304,669130,238799,309812,548611,169367,263753,433120,72163,149635,221798,10676,36490,47166
2022-03-01,2574595,3002080,5576675,907415,935233,1842648,454009,487876,941885,413287,458902,872189,308855,360343,669198,238806,309831,548637,169380,263762,433142,72165,149640,221805,10678,36493,47171
2022-03-02,2575563,3003066,5578629,908035,935840,1843875,454176,488007,942183,413373,459005,872378,308914,360413,669327,238826,309864,548690,169390,263787,433177,72168,149651,221819,10681,36499,47180
2022-03-03,2576868,3004316,5581184,908898,936618,1845516,454409,488201,942610,413488,459131,872619,308973,360466,669439,238845,309905,548750,169400,263812,433212,72171,149674,221845,10684,36509,47193
2022-03-04,2577796,3005233,5583029,909423,937137,1846560,454681,488420,943101,413563,459210,872773,309000,360509,669509,238860,309927,548787,169410,263829,433239,72175,149688,221863,10684,36513,47197
2022-03-05,2578344,3005781,5584125,909833,937526,1847359,454751,488495,943246,413606,459241,872847,309012,360534,669546,238870,309941,548811,169412,263838,433250,72175,149690,221865,10685,36516,47201
2022-03-06,2579125,3006533,5585658,910471,938133,1848604,454825,488571,943396,413649,459277,872926,309029,360555,669584,238877,309949,548826,169414,263839,433253,72175,149693,221868,10685,36516,47201
2022-03-07,2580157,3007423,5587580,911171,938760,1849931,454984,488686,943670,413750,459342,873092,309080,360602,669682,238884,309970,548854,169423,263848,433271,72177,149695,221872,10688,36520,47208
2022-03-08,2581178,3008406,5589584,911891,939465,1851356,455134,488811,943945,413831,459415,873246,309119,360636,669755,238904,309992,548896,169429,263859,433288,72182,149703,221885,10688,36525,47213
2022-03-09,2581987,3009158,5591145,912395,939913,1852308,455292,488917,944209,413912,459487,873399,309156,360679,669835,238918,310026,548944,169437,263880,433317,72185,149724,221909,10692,36532,47224
2022-03-10,2583130,3010119,5593249,913235,940608,1853843,455435,489020,944455,413997,459566,873563,309201,360719,669920,238934,310041,548975,169445,263898,433343,72189,149728,221917,10694,36539,47233
2022-03-11,2584188,3011148,5595336,914001,941323,1855324,455582,489161,944743,414071,459649,873720,309244,360758,670002,238948,310065,549013,169455,263910,433365,72193,149738,221931,10694,36544,47238
2022-03-12,2584684,3011648,5596332,914338,941655,1855993,455658,489237,944895,414109,459692,873801,309276,360778,670054,238956,310079,549035,169458,263917,433375,72195,149745,221940,10694,36545,47239
2022-03-13,2585095,3012069,5597164,914610,941931,1856541,455742,489302,945044,414141,459735,873876,309289,360799,670088,238962,310085,549047,169462,263922,433384,72195,149748,221943,10694,36547,47241
2022-03-14,2586359,3013208,5599567,915463,942718,1858181,455976,489484,945460,414244,459820,874064,309334,360849,670183,238982,310102,549084,169468,263928,433396,72197,149757,221954,10695,36550,47245
2022-03-15,2587591,3014340,5601931,916306,943477,1859783,456190,489646,945836,414350,459929,874279,309373,360898,670271,239005,310130,549135,169472,263936,433408,72200,149769,221969,10695,36555,47250
2022-03-16,2588721,3015385,5604106,917175,944242,1861417,456332,489768,946100,414410,459990,874400,309406,360947,670353,239020,310158,549178,169480,263948,433428,72201,149774,221975,10697,36558,47255
2022-03-17,2590032,3016653,5606685,918105,945106,1863211,456545,489954,946499,414495,460081,874576,309448,360999,670447,239047,310190,549237,169491,263968,433459,72203,149791,221994,10698,36564,47262
2022-03-18,2590946,3017529,5608475,918786,945742,1864528,456673,490066,946739,414552,460133,874685,309470,361034,670504,239063,310210,549273,169499,263976,433475,72205,149801,222006,10698,36567,47265
2022-03-19,2591623,3018201,5609824,919263,946222,1865485,456793,490156,946949,414594,460184,874778,309489,361056,670545,239074,310222,549296,169504,263986,433490,72208,149804,222012,10698,36571,47269
2022-03-20,2592117,3018627,5610744,919627,946549,1866176,456868,490204,947072,414616,460209,874825,309505,361072,670577,239084,310225,549309,169508,263991,433499,72210,149805,222015,10699,36572,47271
2022-03-21,2592897,3019360,5612257,920069,946939,1867008,457046,490337,947383,414715,460297,875012,309542,361122,670664,239098,310259,549357,169516,264011,433527,72212,149818,222030,10699,36577,47276
2022-03-22,2593544,3019915,5613459,920467,947247,1867714,457183,490438,947621,414784,460364,875148,309572,361162,670734,239108,310276,549384,169519,264020,433539,72212,149828,222040,10699,36580,47279
2022-03-23,2594389,3020681,5615070,920969,947698,1868667,457364,490566,947930,414875,460458,875333,309618,361207,670825,239126,310296,549422,169525,264035,433560,72213,149839,222052,10699,36582,47281
