FECHA,TotalM,TotalF,Total,<=30M,<=30F,<=30,31-40M,31-40F,31-40,41-50M,41-50F,41-50,51-60M,51-60F,51-60,61-70M,61-70F,61-70,71-80M,71-80F,71-80,81-90M,81-90F,81-90,>=91M,>=91F,>=91
2020-12-29,259,409,668,38,68,106,92,126,218,79,131,210,49,82,131,1,2,3,0,0,0,0,0,0,0,0,0
2020-12-30,299,478,777,45,97,142,106,141,247,90,148,238,56,91,147,2,1,3,0,0,0,0,0,0,0,0,0
2020-12-31,37,41,78,7,3,10,12,15,27,12,15,27,6,7,13,0,1,1,0,0,0,0,0,0,0,0,0
2021-01-01,0,1,1,0,0,0,0,1,1,0,0,0,0,0,0,0,0,0,0,0,0,0,0,0,0,0,0
2021-01-02,139,240,379,14,28,42,54,94,148,47,66,113,23,51,74,1,1,2,0,0,0,0,0,0,0,0,0
2021-01-03,49,98,147,8,14,22,22,40,62,11,28,39,8,16,24,0,0,0,0,0,0,0,0,0,0,0,0
2021-01-04,320,523,843,57,91,148,103,188,291,92,153,245,67,91,158,1,0,1,0,0,0,0,0,0,0,0,0
2021-01-05,469,730,1199,69,128,197,195,242,437,119,218,337,85,138,223,1,3,4,0,1,1,0,0,0,0,0,0
2021-01-06,516,770,1286,90,144,234,197,236,433,142,223,365,86,166,252,1,1,2,0,0,0,0,0,0,0,0,0
2021-01-07,526,891,1417,85,156,241,179,308,487,149,260,409,113,167,280,0,0,0,0,0,0,0,0,0,0,0,0
2021-01-08,665,1177,1842,121,230,351,225,401,626,191,339,530,123,204,327,5,3,8,0,0,0,0,0,0,0,0,0
2021-01-09,168,272,440,14,40,54,70,102,172,52,86,138,32,44,76,0,0,0,0,0,0,0,0,0,0,0,0
2021-01-10,208,359,567,33,48,81,89,151,240,53,102,155,31,58,89,2,0,2,0,0,0,0,0,0,0,0,0
2021-01-11,657,1191,1848,111,258,369,265,401,666,174,323,497,105,206,311,2,3,5,0,0,0,0,0,0,0,0,0
2021-01-12,589,1089,1678,95,190,285,235,388,623,150,290,440,108,220,328,1,1,2,0,0,0,0,0,0,0,0,0
2021-01-13,466,889,1355,79,179,258,164,323,487,128,233,361,94,154,248,1,0,1,0,0,0,0,0,0,0,0,0
2021-01-14,798,1414,2212,169,279,448,292,486,778,216,394,610,121,254,375,0,1,1,0,0,0,0,0,0,0,0,0
2021-01-15,1192,2216,3408,215,450,665,465,770,1235,306,611,917,206,382,588,0,3,3,0,0,0,0,0,0,0,0,0
2021-01-16,475,854,1329,96,153,249,176,327,503,121,243,364,82,131,213,0,0,0,0,0,0,0,0,0,0,0,0
2021-01-17,285,544,829,66,93,159,113,214,327,72,153,225,34,84,118,0,0,0,0,0,0,0,0,0,0,0,0
2021-01-18,188,316,504,28,54,82,61,104,165,56,103,159,43,55,98,0,0,0,0,0,0,0,0,0,0,0,0
2021-01-19,284,468,752,36,67,103,81,168,249,94,145,239,71,87,158,2,1,3,0,0,0,0,0,0,0,0,0
2021-01-20,290,499,789,31,93,124,108,149,257,87,157,244,64,97,161,0,3,3,0,0,0,0,0,0,0,0,0
2021-01-21,130,189,319,23,29,52,45,53,98,35,64,99,22,41,63,5,1,6,0,1,1,0,0,0,0,0,0
2021-01-22,38,51,89,7,10,17,15,15,30,12,17,29,2,8,10,1,1,2,1,0,1,0,0,0,0,0,0
2021-01-23,118,199,317,10,21,31,45,80,125,39,58,97,23,40,63,1,0,1,0,0,0,0,0,0,0,0,0
2021-01-24,45,88,133,5,9,14,21,37,58,11,26,37,8,16,24,0,0,0,0,0,0,0,0,0,0,0,0
2021-01-25,283,471,754,45,82,127,85,149,234,81,145,226,70,93,163,2,2,4,0,0,0,0,0,0,0,0,0
2021-01-26,388,662,1050,44,108,152,147,189,336,110,219,329,82,142,224,5,4,9,0,0,0,0,0,0,0,0,0
2021-01-27,450,662,1112,75,115,190,170,195,365,119,195,314,82,155,237,4,2,6,0,0,0,0,0,0,0,0,0
2021-01-28,460,804,1264,76,143,219,152,273,425,128,225,353,103,161,264,1,2,3,0,0,0,0,0,0,0,0,0
2021-01-29,634,1060,1694,103,188,291,241,374,615,182,307,489,104,187,291,4,4,8,0,0,0,0,0,0,0,0,0
2021-01-30,152,260,412,19,39,58,59,104,163,45,77,122,29,40,69,0,0,0,0,0,0,0,0,0,0,0,0
2021-01-31,118,226,344,23,33,56,42,93,135,32,60,92,20,39,59,1,0,1,0,1,1,0,0,0,0,0,0
2021-02-01,548,946,1494,91,175,266,225,333,558,151,255,406,80,178,258,1,4,5,0,1,1,0,0,0,0,0,0
2021-02-02,1181,2005,3186,113,244,357,290,465,755,206,440,646,224,461,685,306,364,670,36,29,65,5,2,7,1,0,1
2021-02-03,1267,2314,3581,138,327,465,323,618,941,253,546,799,247,474,721,267,319,586,36,28,64,3,2,5,0,0,0
2021-02-04,1244,2328,3572,159,324,483,360,666,1026,292,566,858,222,482,704,167,251,418,39,36,75,4,3,7,1,0,1
2021-02-05,1911,3718,5629,280,578,858,620,1171,1791,405,912,1317,358,736,1094,191,276,467,52,42,94,5,3,8,0,0,0
2021-02-06,444,808,1252,81,118,199,137,279,416,116,230,346,87,154,241,22,26,48,1,1,2,0,0,0,0,0,0
2021-02-07,353,652,1005,54,90,144,113,237,350,110,192,302,58,111,169,16,21,37,2,1,3,0,0,0,0,0,0
2021-02-08,869,1596,2465,128,280,408,279,502,781,211,430,641,150,271,421,89,103,192,11,10,21,1,0,1,0,0,0
2021-02-09,993,1934,2927,141,342,483,304,572,876,228,461,689,181,405,586,120,147,267,14,7,21,5,0,5,0,0,0
2021-02-10,542,1030,1572,83,165,248,134,326,460,145,265,410,108,205,313,60,62,122,9,7,16,3,0,3,0,0,0
2021-02-11,455,1071,1526,71,181,252,145,349,494,98,272,370,71,198,269,57,63,120,12,8,20,1,0,1,0,0,0
2021-02-12,519,963,1482,74,160,234,170,336,506,118,279,397,92,139,231,49,41,90,13,8,21,3,0,3,0,0,0
2021-02-13,28,44,72,2,8,10,11,17,28,6,9,15,8,9,17,0,1,1,1,0,1,0,0,0,0,0,0
2021-02-14,6,25,31,2,7,9,2,8,10,0,10,10,2,0,2,0,0,0,0,0,0,0,0,0,0,0,0
2021-02-15,1,3,4,0,1,1,1,1,2,0,0,0,0,1,1,0,0,0,0,0,0,0,0,0,0,0,0
2021-02-16,11,37,48,1,1,2,8,18,26,2,14,16,0,3,3,0,0,0,0,1,1,0,0,0,0,0,0
2021-02-17,805,1513,2318,129,229,358,250,454,704,170,434,604,146,286,432,98,106,204,12,4,16,0,0,0,0,0,0
2021-02-18,1864,3915,5779,219,545,764,529,1058,1587,383,1031,1414,366,785,1151,269,395,664,79,95,174,19,6,25,0,0,0
2021-02-19,1686,3832,5518,198,540,738,454,1116,1570,430,988,1418,309,738,1047,213,336,549,66,103,169,13,11,24,3,0,3
2021-02-20,457,790,1247,45,84,129,138,273,411,113,193,306,88,152,240,53,82,135,19,6,25,1,0,1,0,0,0
2021-02-21,328,504,832,35,65,100,93,187,280,80,131,211,79,86,165,33,30,63,6,5,11,2,0,2,0,0,0
2021-02-22,3427,6246,9673,195,446,641,354,865,1219,271,701,972,255,547,802,312,314,626,395,534,929,1477,2414,3891,168,425,593
2021-02-23,3965,7397,11362,251,529,780,444,1098,1542,426,1003,1429,363,802,1165,478,613,1091,355,494,849,1471,2420,3891,177,438,615
2021-02-24,4058,7620,11678,258,464,722,555,1055,1610,447,968,1415,328,752,1080,385,506,891,400,618,1018,1521,2754,4275,164,503,667
2021-02-25,4043,7554,11597,235,533,768,525,1093,1618,495,898,1393,372,786,1158,346,493,839,335,573,908,1531,2665,4196,204,513,717
2021-02-26,3915,7884,11799,251,563,814,547,1122,1669,379,954,1333,396,858,1254,355,506,861,359,530,889,1439,2781,4220,189,570,759
2021-02-27,527,1114,1641,40,75,115,99,130,229,88,122,210,60,106,166,57,105,162,65,129,194,103,312,415,15,135,150
2021-02-28,156,354,510,15,17,32,30,58,88,17,36,53,13,18,31,36,34,70,15,38,53,25,91,116,5,62,67
2021-03-01,3087,6093,9180,111,234,345,263,530,793,224,399,623,165,384,549,194,251,445,358,560,918,1573,3197,4770,199,538,737
2021-03-02,3042,5900,8942,127,303,430,232,504,736,174,428,602,157,348,505,187,315,502,371,574,945,1585,2918,4503,209,510,719
2021-03-03,2886,5842,8728,133,259,392,252,595,847,221,496,717,159,388,547,138,236,374,305,519,824,1463,2800,4263,215,549,764
2021-03-04,1286,2885,4171,123,319,442,232,556,788,190,420,610,140,332,472,120,227,347,118,205,323,331,682,1013,32,144,176
2021-03-05,1123,2618,3741,96,247,343,249,579,828,198,548,746,165,402,567,120,217,337,75,143,218,186,398,584,34,84,118
2021-03-06,659,2344,3003,40,241,281,175,527,702,135,511,646,102,428,530,28,56,84,66,145,211,90,310,400,23,126,149
2021-03-07,650,2068,2718,35,191,226,146,489,635,148,457,605,122,362,484,35,44,79,68,132,200,76,251,327,20,142,162
2021-03-08,1460,3344,4804,93,256,349,185,445,630,135,389,524,138,350,488,131,274,405,179,308,487,527,1018,1545,72,304,376
2021-03-09,3769,6855,10624,158,308,466,335,687,1022,272,533,805,252,503,755,271,355,626,419,671,1090,1836,3128,4964,226,670,896
2021-03-10,4052,8746,12798,213,519,732,389,1125,1514,340,1111,1451,347,996,1343,224,334,558,406,647,1053,1885,3334,5219,248,680,928
2021-03-11,5190,12347,17537,411,914,1325,746,2034,2780,564,2189,2753,526,1624,2150,367,540,907,444,738,1182,1922,3658,5580,210,650,860
2021-03-12,3822,10335,14157,432,1054,1486,837,2535,3372,682,2530,3212,580,1864,2444,291,461,752,233,328,561,661,1287,1948,106,276,382
2021-03-13,1500,5116,6616,194,784,978,421,1505,1926,379,1404,1783,300,963,1263,90,129,219,30,81,111,69,178,247,17,72,89
2021-03-14,1043,3956,4999,96,513,609,305,1103,1408,292,1224,1516,242,936,1178,80,133,213,25,40,65,3,5,8,0,2,2
2021-03-15,2983,8994,11977,261,1030,1291,649,2215,2864,557,2168,2725,505,1691,2196,285,523,808,213,328,541,445,905,1350,68,134,202
2021-03-16,3934,9468,13402,267,845,1112,614,1784,2398,564,1723,2287,463,1430,1893,334,600,934,379,573,952,1203,2199,3402,110,314,424
2021-03-17,4183,9270,13453,295,682,977,623,1704,2327,579,1620,2199,449,1225,1674,392,707,1099,424,677,1101,1276,2319,3595,145,336,481
2021-03-18,4389,9900,14289,339,903,1242,748,1939,2687,684,1780,2464,583,1439,2022,326,592,918,441,695,1136,1128,2164,3292,140,388,528
2021-03-19,4176,9958,14134,358,1005,1363,784,2074,2858,778,1877,2655,632,1504,2136,254,388,642,304,511,815,914,2055,2969,152,544,696
2021-03-20,2187,4952,7139,70,223,293,208,476,684,191,465,656,197,471,668,458,1079,1537,385,624,1009,580,1300,1880,98,314,412
2021-03-21,1676,3473,5149,24,64,88,72,134,206,43,81,124,95,195,290,637,1422,2059,420,688,1108,331,711,1042,54,178,232
2021-03-22,2098,4499,6597,168,301,469,315,694,1009,245,580,825,232,644,876,578,1448,2026,469,685,1154,78,121,199,13,26,39
2021-03-23,3036,7003,10039,122,273,395,267,590,857,218,536,754,208,462,670,409,874,1283,456,744,1200,1155,2729,3884,201,795,996
2021-03-24,1860,4133,5993,6,18,24,12,28,40,10,27,37,38,62,100,238,565,803,343,658,1001,1056,2271,3327,157,504,661
2021-03-25,2120,4335,6455,131,303,434,264,567,831,248,444,692,163,325,488,95,158,253,306,462,768,792,1665,2457,121,411,532
2021-03-26,1117,2666,3783,38,98,136,109,199,308,79,177,256,90,142,232,123,387,510,182,396,578,414,941,1355,82,326,408
2021-03-27,738,1868,2606,2,6,8,5,15,20,3,14,17,5,23,28,17,40,57,151,330,481,486,1083,1569,69,357,426
2021-03-28,710,1887,2597,2,4,6,3,7,10,1,10,11,8,13,21,30,40,70,142,259,401,433,1145,1578,91,409,500
2021-03-29,2321,5876,8197,204,532,736,423,1100,1523,354,906,1260,282,746,1028,151,290,441,242,401,643,554,1410,1964,111,491,602
2021-03-30,3164,7284,10448,124,300,424,249,666,915,230,538,768,1055,2380,3435,768,1248,2016,370,699,1069,305,1055,1360,63,398,461
2021-03-31,4177,8547,12724,232,530,762,496,1245,1741,434,1083,1517,238,502,740,165,221,386,2047,3172,5219,464,1308,1772,101,486,587
2021-04-01,4538,7592,12130,24,28,52,29,85,114,542,1036,1578,389,755,1144,68,203,271,3070,4354,7424,350,863,1213,66,268,334
2021-04-02,4415,7218,11633,1,3,4,2,9,11,912,1734,2646,8,14,22,15,26,41,3166,4649,7815,273,612,885,38,171,209
2021-04-03,3755,6089,9844,1,8,9,5,4,9,9,7,16,8,7,15,9,11,20,3582,5643,9225,107,293,400,34,116,150
2021-04-04,1107,1750,2857,0,0,0,1,2,3,2,8,10,4,4,8,18,16,34,1072,1692,2764,5,17,22,5,11,16
2021-04-05,6092,9834,15926,87,131,218,77,206,283,80,213,293,82,198,280,138,196,334,5466,8527,13993,130,265,395,32,98,130
2021-04-06,6854,11055,17909,107,150,257,125,231,356,71,154,225,63,125,188,113,185,298,6114,9565,15679,217,491,708,44,154,198
2021-04-07,7568,11937,19505,92,123,215,127,270,397,74,173,247,80,144,224,653,816,1469,6135,9503,15638,344,730,1074,63,178,241
2021-04-08,8499,12137,20636,164,166,330,212,273,485,104,160,264,86,174,260,1531,2238,3769,6223,8825,15048,155,221,376,24,80,104
2021-04-09,7366,11301,18667,130,251,381,224,389,613,125,259,384,90,187,277,1344,1860,3204,5273,7880,13153,149,335,484,31,140,171
2021-04-10,3108,4775,7883,50,111,161,64,152,216,77,121,198,55,123,178,655,1008,1663,2146,3175,5321,54,54,108,7,31,38
2021-04-11,2917,4629,7546,48,108,156,98,184,282,54,162,216,65,167,232,600,913,1513,2019,3002,5021,29,62,91,4,31,35
2021-04-12,8119,12543,20662,131,244,375,182,354,536,116,227,343,110,198,308,1613,2311,3924,5853,8927,14780,90,200,290,24,82,106
2021-04-13,7686,11793,19479,206,190,396,234,337,571,219,237,456,195,372,567,1967,3416,5383,4722,6883,11605,123,262,385,20,96,116
2021-04-14,6608,9819,16427,233,78,311,182,168,350,157,186,343,67,68,135,817,1030,1847,3840,5936,9776,1171,1953,3124,141,400,541
2021-04-15,3289,5725,9014,138,47,185,102,42,144,80,26,106,42,50,92,1295,2819,4114,1530,2491,4021,83,194,277,19,56,75
2021-04-16,3810,5751,9561,100,34,134,49,27,76,42,24,66,17,19,36,634,842,1476,2585,3851,6436,320,760,1080,63,194,257
2021-04-17,318,490,808,16,15,31,25,17,42,37,33,70,37,31,68,43,40,83,140,272,412,18,58,76,2,24,26
2021-04-18,148,163,311,16,6,22,22,16,38,30,33,63,43,30,73,9,17,26,15,17,32,9,29,38,4,15,19
2021-04-19,4052,6374,10426,159,30,189,64,17,81,51,16,67,15,12,27,495,679,1174,2805,4400,7205,396,980,1376,67,240,307
2021-04-20,6169,10603,16772,163,64,227,81,71,152,67,86,153,452,1060,1512,3017,4935,7952,1606,2448,4054,585,1342,1927,198,597,795
2021-04-21,8421,12103,20524,85,47,132,51,46,97,49,47,96,85,216,301,7759,10938,18697,332,625,957,47,127,174,13,57,70
2021-04-22,10075,13949,24024,47,47,94,39,47,86,32,52,84,42,69,111,9463,12984,22447,374,593,967,69,124,193,9,33,42
2021-04-23,10206,13214,23420,26,48,74,48,56,104,52,75,127,70,77,147,9734,12354,22088,218,392,610,50,143,193,8,69,77
2021-04-24,2917,3521,6438,5,9,14,5,8,13,16,16,32,18,22,40,2619,3194,5813,215,189,404,29,63,92,10,20,30
2021-04-25,83,125,208,2,2,4,4,3,7,5,12,17,9,7,16,58,80,138,3,9,12,0,8,8,2,4,6
2021-04-26,1511,2390,3901,15,6,21,12,14,26,9,10,19,7,17,24,1319,2018,3337,128,223,351,15,76,91,6,26,32
2021-04-27,1391,2872,4263,76,73,149,49,92,141,44,68,112,35,59,94,904,1675,2579,232,725,957,45,143,188,6,37,43
2021-04-28,7079,16062,23141,728,1835,2563,1552,4318,5870,1288,3856,5144,1016,2961,3977,2251,2638,4889,204,322,526,34,96,130,6,36,42
2021-04-29,6547,13183,19730,453,1323,1776,1079,3201,4280,1035,3000,4035,865,2366,3231,2740,2685,5425,297,376,673,58,166,224,20,66,86
2021-04-30,1331,1995,3326,71,126,197,95,177,272,50,97,147,32,75,107,834,1115,1949,202,282,484,36,81,117,11,42,53
2021-05-01,542,1091,1633,16,33,49,60,108,168,23,63,86,23,47,70,311,593,904,91,158,249,16,59,75,2,30,32
2021-05-02,4308,9853,14161,309,943,1252,818,2174,2992,813,2076,2889,640,1625,2265,493,1052,1545,1191,1843,3034,38,99,137,6,41,47
2021-05-03,8225,11569,19794,56,105,161,104,165,269,53,88,141,824,1162,1986,4898,6503,11401,2191,3301,5492,82,185,267,17,60,77
2021-05-04,11574,14304,25878,94,128,222,99,177,276,48,99,147,1980,2474,4454,9031,10992,20023,266,315,581,43,78,121,13,41,54
2021-05-05,10671,15370,26041,122,190,312,214,193,407,231,140,371,579,673,1252,3116,4633,7749,6104,8764,14868,267,626,893,38,151,189
2021-05-06,3629,5377,9006,111,101,212,158,118,276,200,57,257,423,427,850,1657,2734,4391,992,1788,2780,68,114,182,20,38,58
2021-05-07,7983,13135,21118,136,291,427,228,520,748,197,387,584,258,509,767,1388,2816,4204,5636,8289,13925,116,234,350,24,89,113
2021-05-08,2396,15322,17718,183,1617,1800,471,3507,3978,507,4610,5117,565,3639,4204,577,1790,2367,69,96,165,14,41,55,10,22,32
2021-05-09,142,228,370,0,0,0,0,0,0,2,0,2,22,12,34,72,80,152,14,24,38,23,65,88,9,47,56
2021-05-10,832,2526,3358,26,43,69,31,54,85,27,45,72,149,254,403,319,1421,1740,198,464,662,66,170,236,16,75,91
2021-05-11,3298,3945,7243,22,36,58,33,64,97,33,57,90,630,747,1377,2397,2690,5087,132,188,320,37,105,142,14,58,72
2021-05-12,3577,4434,8011,38,37,75,48,64,112,45,64,109,684,799,1483,2490,2798,5288,170,378,548,86,204,290,16,90,106
2021-05-13,2911,5430,8341,58,108,166,99,236,335,81,163,244,181,318,499,888,1719,2607,1498,2528,4026,88,252,340,18,106,124
2021-05-14,1344,3082,4426,55,100,155,94,192,286,76,138,214,170,239,409,587,1476,2063,290,665,955,54,183,237,18,89,107
2021-05-15,6422,5186,11608,20,44,64,42,70,112,34,49,83,1197,1208,2405,4994,3464,8458,96,174,270,30,123,153,9,54,63
2021-05-16,876,2312,3188,58,192,250,208,702,910,253,710,963,178,401,579,130,156,286,26,43,69,13,75,88,10,33,43
2021-05-17,4288,4350,8638,53,91,144,173,421,594,108,292,400,843,783,1626,2820,2201,5021,233,386,619,42,114,156,16,62,78
2021-05-18,4578,3922,8500,31,54,85,63,77,140,63,84,147,867,847,1714,3417,2516,5933,100,201,301,28,96,124,9,47,56
2021-05-19,3471,3368,6839,42,102,144,111,216,327,46,119,165,633,641,1274,2452,1823,4275,141,332,473,36,93,129,10,42,52
2021-05-20,10591,11973,22564,75,147,222,151,241,392,88,181,269,2928,3316,6244,6598,6505,13103,577,1031,1608,149,441,590,25,111,136
2021-05-21,2154,4404,6558,105,261,366,189,548,737,108,400,508,97,348,445,451,835,1286,1121,1798,2919,75,159,234,8,55,63
2021-05-22,1527,2131,3658,53,75,128,44,63,107,23,63,86,208,261,469,968,1234,2202,195,343,538,31,71,102,5,21,26
2021-05-23,2378,2367,4745,25,46,71,26,67,93,26,41,67,1007,1090,2097,1186,886,2072,81,155,236,20,65,85,7,17,24
2021-05-24,698,1581,2279,37,82,119,66,134,200,40,102,142,225,242,467,273,883,1156,52,105,157,5,25,30,0,8,8
2021-05-25,4626,8509,13135,12,24,36,7,17,24,3,19,22,179,172,351,279,743,1022,481,837,1318,3260,5719,8979,405,978,1383
2021-05-26,2285,3430,5715,34,50,84,45,82,127,37,72,109,1072,969,2041,201,338,539,168,317,485,624,1322,1946,104,280,384
2021-05-27,9378,15085,24463,64,121,185,100,165,265,94,163,257,2685,2459,5144,286,211,497,695,1199,1894,4858,9145,14003,596,1622,2218
2021-05-28,10543,14950,25493,109,158,267,177,245,422,293,273,566,5793,6778,12571,231,246,477,523,821,1344,3035,5396,8431,382,1033,1415
2021-05-29,8979,8369,17348,4,8,12,12,12,24,630,474,1104,7766,6932,14698,191,231,422,79,130,209,263,503,766,34,79,113
2021-05-30,8326,7575,15901,9,11,20,8,10,18,1780,1545,3325,6383,5839,12222,84,78,162,24,28,52,31,51,82,7,13,20
2021-05-31,11573,15415,26988,99,179,278,166,287,453,6359,6061,12420,3405,5525,8930,615,873,1488,188,369,557,640,1722,2362,101,399,500
2021-06-01,11136,12632,23768,194,257,451,603,418,1021,7067,7383,14450,2192,2525,4717,117,176,293,162,279,441,736,1301,2037,65,293,358
2021-06-02,9095,12948,22043,620,654,1274,1711,2608,4319,4021,5293,9314,2029,2600,4629,177,257,434,134,224,358,332,975,1307,71,337,408
2021-06-03,12686,19558,32244,3019,5039,8058,5235,7970,13205,3265,4413,7678,581,853,1434,166,226,392,91,200,291,278,656,934,51,201,252
2021-06-04,13257,16298,29555,2973,3590,6563,4779,4750,9529,2956,4218,7174,1018,1395,2413,1055,1173,2228,303,533,836,137,490,627,36,149,185
2021-06-05,11012,10375,21387,2696,2394,5090,4809,3966,8775,1867,1747,3614,688,717,1405,661,753,1414,150,291,441,109,367,476,32,140,172
2021-06-06,8420,9816,18236,3048,4035,7083,3799,4098,7897,924,733,1657,425,378,803,76,84,160,58,132,190,68,211,279,22,145,167
2021-06-07,13675,14201,27876,3094,3363,6457,3313,2757,6070,3303,3143,6446,3335,3898,7233,384,401,785,126,223,349,87,272,359,33,144,177
2021-06-08,12657,17065,29722,1009,1494,2503,1361,2047,3408,1479,2057,3536,8086,9941,18027,149,199,348,193,333,526,323,725,1048,57,269,326
2021-06-09,12609,13162,25771,340,338,678,654,676,1330,709,559,1268,10707,11112,21819,94,131,225,56,87,143,34,149,183,15,110,125
2021-06-10,14300,14991,29291,771,867,1638,1058,1214,2272,1922,2011,3933,10107,10109,20216,293,374,667,87,160,247,43,165,208,19,91,110
2021-06-11,9777,15856,25633,201,238,439,470,310,780,751,663,1414,1383,1498,2881,138,246,384,929,1457,2386,5363,9853,15216,542,1591,2133
2021-06-12,6347,7868,14215,442,595,1037,616,801,1417,1356,1556,2912,3089,3028,6117,49,84,133,145,295,440,570,1185,1755,80,324,404
2021-06-13,4123,4409,8532,203,258,461,288,334,622,908,964,1872,2641,2725,5366,38,40,78,12,19,31,27,60,87,6,9,15
2021-06-14,6114,6715,12829,749,858,1607,1036,1073,2109,1355,1353,2708,2661,2823,5484,49,69,118,41,99,140,199,344,543,24,96,120
2021-06-15,13988,13725,27713,123,189,312,207,294,501,438,462,900,12558,11639,24197,218,226,444,145,312,457,260,484,744,39,119,158
2021-06-16,7643,10289,17932,440,639,1079,842,1060,1902,1794,2114,3908,2054,2250,4304,163,217,380,1898,2766,4664,379,924,1303,73,319,392
2021-06-17,11598,14333,25931,201,292,493,445,447,892,2996,3237,6233,4195,4310,8505,531,689,1220,2757,4068,6825,394,958,1352,79,332,411
2021-06-18,14497,15271,29768,674,837,1511,1079,1130,2209,8432,8036,16468,3224,3298,6522,402,553,955,493,800,1293,164,446,610,29,171,200
2021-06-19,10650,11598,22248,220,302,522,151,252,403,8310,8453,16763,1466,1443,2909,252,285,537,104,215,319,115,420,535,32,228,260
2021-06-20,14,13,27,4,2,6,3,1,4,4,6,10,2,3,5,0,1,1,1,0,1,0,0,0,0,0,0
2021-06-21,6040,6141,12181,27,27,54,42,58,100,5062,5013,10075,658,627,1285,157,190,347,69,97,166,19,92,111,6,37,43
2021-06-22,5120,5230,10350,159,262,421,216,288,504,2356,2221,4577,1732,1513,3245,448,486,934,148,215,363,42,162,204,19,83,102
2021-06-23,9626,9640,19266,148,243,391,195,365,560,7897,7565,15462,1108,929,2037,142,227,369,67,119,186,55,131,186,14,61,75
2021-06-24,15443,19480,34923,210,410,620,649,4181,4830,13102,13023,26125,1084,1190,2274,232,315,547,129,215,344,32,107,139,5,39,44
2021-06-25,12938,18832,31770,404,1192,1596,725,3044,3769,4845,4941,9786,979,1121,2100,4580,6230,10810,1178,1654,2832,191,508,699,36,142,178
2021-06-26,9354,12068,21422,41,43,84,42,57,99,846,842,1688,569,704,1273,6872,8758,15630,795,1221,2016,161,341,502,28,102,130
2021-06-27,8180,9054,17234,66,112,178,79,144,223,3532,3611,7143,2789,2822,5611,1056,1241,2297,552,835,1387,88,241,329,18,48,66
2021-06-28,17325,19772,37097,700,1675,2375,616,2420,3036,13851,12923,26774,1261,1293,2554,699,1019,1718,145,260,405,41,109,150,12,73,85
2021-06-29,18298,18721,37019,205,362,567,466,826,1292,15782,14939,30721,760,793,1553,715,1056,1771,246,423,669,110,238,348,14,84,98
2021-06-30,19662,19383,39045,169,220,389,5178,4924,10102,12298,11682,23980,686,665,1351,1176,1534,2710,105,194,299,39,98,137,11,66,77
2021-07-01,12831,13474,26305,125,231,356,4842,4779,9621,5565,5257,10822,963,1066,2029,812,1108,1920,357,578,935,141,329,470,26,126,152
2021-07-02,9907,18368,28275,592,1203,1795,2362,3776,6138,1528,1744,3272,359,531,890,834,1395,2229,650,1207,1857,3105,6889,9994,477,1623,2100
2021-07-03,10953,12354,23307,24,45,69,6058,5334,11392,2558,2735,5293,504,579,1083,414,546,960,338,630,968,929,1983,2912,128,502,630
2021-07-04,10451,10363,20814,516,851,1367,9200,8460,17660,407,472,879,136,127,263,92,133,225,60,81,141,29,155,184,11,84,95
2021-07-05,5098,5558,10656,275,416,691,3542,3017,6559,256,288,544,139,135,274,322,465,787,240,415,655,281,624,905,43,198,241
2021-07-06,13061,12250,25311,436,677,1113,11639,9869,21508,280,334,614,193,250,443,182,218,400,106,221,327,188,507,695,37,174,211
2021-07-07,5709,6352,12061,170,166,336,3964,3594,7558,682,939,1621,257,407,664,150,225,375,154,314,468,284,551,835,48,156,204
2021-07-08,18878,16351,35229,375,536,911,15068,12333,27401,2299,2080,4379,719,735,1454,284,361,645,71,127,198,47,135,182,15,44,59
2021-07-09,12876,13055,25931,678,728,1406,8699,8247,16946,2223,2203,4426,842,838,1680,269,417,686,139,523,662,22,78,100,4,21,25
2021-07-10,10824,11508,22332,1470,1770,3240,7970,7841,15811,388,437,825,187,237,424,466,555,1021,255,424,679,77,194,271,11,50,61
2021-07-11,2164,3666,5830,259,364,623,1073,1290,2363,164,383,547,72,201,273,24,40,64,112,207,319,407,964,1371,53,217,270
2021-07-12,18027,16038,34065,3061,2959,6020,14013,11763,25776,452,537,989,235,281,516,108,176,284,60,127,187,81,147,228,17,48,65
2021-07-13,10366,8829,19195,1789,1644,3433,7371,6007,13378,765,640,1405,278,283,561,102,111,213,41,66,107,14,48,62,6,30,36
2021-07-14,3510,3345,6855,645,728,1373,2294,1914,4208,312,376,688,163,170,333,57,64,121,18,48,66,15,27,42,6,18,24
2021-07-15,14081,19757,33838,436,722,1158,1308,2391,3699,6901,7082,13983,1214,2381,3595,717,1146,1863,2572,3782,6354,809,1786,2595,124,467,591
2021-07-16,13915,19856,33771,352,433,785,1042,3016,4058,7293,8085,15378,504,689,1193,153,199,352,4090,6057,10147,410,1080,1490,71,297,368
2021-07-17,12274,13526,25800,1432,1753,3185,5159,5423,10582,4272,4501,8773,789,861,1650,248,265,513,295,506,801,64,172,236,15,45,60
2021-07-18,11268,12027,23295,3018,3807,6825,2928,2654,5582,3626,3631,7257,1443,1462,2905,167,236,403,64,138,202,19,78,97,3,21,24
2021-07-19,16722,18076,34798,2719,3327,6046,1489,2595,4084,10864,10032,20896,1107,1107,2214,204,231,435,133,216,349,158,437,595,48,131,179
2021-07-20,18589,19776,38365,7489,8525,16014,2550,2918,5468,7362,6754,14116,732,779,1511,197,241,438,156,301,457,85,197,282,18,61,79
2021-07-21,18658,18923,37581,13975,14073,28048,3336,3330,6666,694,728,1422,337,326,663,158,159,317,127,229,356,24,53,77,7,25,32
2021-07-22,19107,17534,36641,13031,11666,24697,4108,3618,7726,1183,1174,2357,505,620,1125,169,242,411,73,97,170,29,79,108,9,38,47
2021-07-23,15573,17623,33196,5976,7144,13120,2819,2903,5722,5666,6061,11727,791,952,1743,205,305,510,82,135,217,31,87,118,3,36,39
2021-07-24,14284,14660,28944,741,983,1724,493,462,955,5675,5466,11141,6938,7096,14034,259,324,583,94,122,216,78,157,235,6,50,56
2021-07-25,11616,13865,25481,6915,9099,16014,2931,2776,5707,901,1035,1936,621,622,1243,195,207,402,34,58,92,15,42,57,4,26,30
2021-07-26,17614,21923,39537,5557,7014,12571,4442,5704,10146,4595,5426,10021,2429,2746,5175,374,519,893,147,312,459,62,149,211,8,53,61
2021-07-27,15341,18927,34268,7113,8319,15432,3001,3860,6861,2827,3632,6459,1251,1487,2738,809,909,1718,235,405,640,86,247,333,19,68,87
2021-07-28,17847,20527,38374,15314,17192,32506,1286,1492,2778,733,1039,1772,320,472,792,133,176,309,34,87,121,18,47,65,9,22,31
2021-07-29,19077,18320,37397,15225,14288,29513,2027,1903,3930,1074,1237,2311,491,540,1031,170,182,352,66,77,143,17,56,73,7,37,44
2021-07-30,16644,16436,33080,5811,5360,11171,6086,5896,11982,3370,3471,6841,1047,1176,2223,231,288,519,61,145,206,34,58,92,4,42,46
2021-07-31,14525,11264,25789,1629,1728,3357,7699,6650,14349,4295,2027,6322,631,496,1127,197,192,389,48,79,127,20,61,81,6,31,37
2021-08-01,6378,7794,14172,1430,1903,3333,2833,3503,6336,1383,1436,2819,481,547,1028,185,235,420,47,95,142,16,51,67,3,24,27
2021-08-02,18701,18168,36869,2987,3357,6344,11179,9901,21080,3591,3730,7321,689,762,1451,176,237,413,57,104,161,16,57,73,6,20,26
2021-08-03,16520,15441,31961,8094,7371,15465,2987,2705,5692,2590,2196,4786,2482,2712,5194,290,281,571,55,95,150,15,57,72,7,24,31
2021-08-04,13006,15297,28303,1998,2570,4568,2757,2871,5628,1624,2018,3642,6348,7433,13781,188,240,428,68,99,167,20,48,68,3,18,21
2021-08-05,9202,8973,18175,3723,3492,7215,3617,3400,7017,1271,1290,2561,429,499,928,124,156,280,27,87,114,10,30,40,1,19,20
2021-08-06,4477,5387,9864,674,791,1465,874,788,1662,369,352,721,210,248,458,1116,1473,2589,1202,1662,2864,28,57,85,4,16,20
2021-08-07,10291,14484,24775,1099,910,2009,71,73,144,60,76,136,60,64,124,1307,1886,3193,7590,11252,18842,89,177,266,15,46,61
2021-08-08,9113,12984,22097,8,19,27,15,18,33,12,16,28,28,62,90,5300,7258,12558,3622,5360,8982,110,213,323,18,38,56
2021-08-09,14324,19731,34055,144,168,312,225,225,450,182,239,421,1045,1535,2580,10623,14607,25230,2000,2692,4692,93,219,312,12,46,58
2021-08-10,14450,19106,33556,370,443,813,518,547,1065,1199,847,2046,1357,1814,3171,7294,9830,17124,3572,5326,8898,120,243,363,20,56,76
2021-08-11,15057,16692,31749,1336,1126,2462,294,454,748,307,434,741,2434,2634,5068,8854,9104,17958,1689,2655,4344,127,229,356,16,56,72
2021-08-12,9696,12983,22679,392,438,830,258,293,551,233,278,511,1818,2281,4099,3738,4323,8061,3112,5001,8113,120,299,419,25,70,95
2021-08-13,13143,18256,31399,125,135,260,191,188,379,152,193,345,376,454,830,5624,7001,12625,6327,9376,15703,299,726,1025,49,183,232
2021-08-14,8488,12776,21264,99,140,239,169,226,395,167,317,484,1608,2186,3794,5554,8198,13752,788,1400,2188,84,245,329,19,64,83
2021-08-15,11735,12723,24458,484,570,1054,823,992,1815,1436,1433,2869,6746,7055,13801,1710,1642,3352,440,768,1208,78,194,272,18,69,87
2021-08-16,9455,11999,21454,1437,1603,3040,1149,1266,2415,2523,2947,5470,1922,2383,4305,1106,1424,2530,1157,1927,3084,132,355,487,29,94,123
2021-08-17,16276,14121,30397,7604,6676,14280,6294,5498,11792,1388,1225,2613,795,421,1216,142,183,325,34,70,104,14,42,56,5,6,11
2021-08-18,11529,12410,23939,4881,4618,9499,1426,1762,3188,1204,1384,2588,1758,1884,3642,1708,1718,3426,476,837,1313,67,164,231,9,43,52
2021-08-19,6042,6278,12320,2428,2309,4737,820,806,1626,478,588,1066,1455,1405,2860,590,659,1249,232,412,644,34,78,112,5,21,26
2021-08-20,13351,12440,25791,2527,2580,5107,1535,1164,2699,1232,1011,2243,7756,7214,14970,210,254,464,69,151,220,19,53,72,3,13,16
2021-08-21,9441,12231,21672,1599,2129,3728,2283,3366,5649,2212,2954,5166,2852,3111,5963,380,423,803,90,158,248,20,68,88,5,22,27
2021-08-22,9983,11276,21259,1550,1957,3507,5275,5514,10789,1753,2120,3873,969,1126,2095,351,418,769,69,110,179,14,29,43,2,2,4
2021-08-23,17410,15775,33185,7381,6967,14348,7754,6322,14076,1328,1350,2678,676,724,1400,210,254,464,47,101,148,13,39,52,1,18,19
2021-08-24,12547,13288,25835,9039,9281,18320,1931,1819,3750,810,960,1770,550,769,1319,170,284,454,36,111,147,7,46,53,4,18,22
2021-08-25,15803,15899,31702,2378,2424,4802,1187,1555,2742,6786,6423,13209,4899,4762,9661,412,473,885,107,152,259,29,82,111,5,28,33
2021-08-26,15218,17763,32981,1921,2499,4420,940,1322,2262,589,844,1433,3750,3687,7437,6731,6909,13640,1114,1962,3076,140,429,569,33,111,144
2021-08-27,18570,18185,36755,10983,10873,21856,3414,2787,6201,1017,1044,2061,2443,2523,4966,562,667,1229,118,194,312,28,71,99,5,26,31
2021-08-28,11153,13414,24567,8225,10532,18757,1669,1461,3130,789,726,1515,339,453,792,84,116,200,37,90,127,8,30,38,2,6,8
2021-08-29,11528,12886,24414,984,1285,2269,557,722,1279,2040,2117,4157,7449,8039,15488,324,417,741,122,234,356,47,58,105,5,14,19
2021-08-30,16112,16896,33008,4069,3706,7775,2380,2328,4708,3200,3000,6200,3919,3975,7894,1662,2140,3802,752,1308,2060,117,347,464,13,92,105
2021-08-31,15796,17534,33330,11208,12773,23981,2060,1889,3949,1609,1678,3287,649,733,1382,182,267,449,66,118,184,17,56,73,5,20,25
2021-09-01,16120,17204,33324,14495,14425,28920,619,665,1284,390,521,911,271,480,751,240,744,984,90,288,378,14,70,84,1,11,12
2021-09-02,16027,19149,35176,9755,9769,19524,1548,2382,3930,2659,3865,6524,1522,2336,3858,365,502,867,155,217,372,20,69,89,3,9,12
2021-09-03,14787,17315,32102,6132,6170,12302,1654,1761,3415,4345,5778,10123,1630,2161,3791,830,1059,1889,163,288,451,30,74,104,3,24,27
2021-09-04,12217,12128,24345,3315,3329,6644,3458,3200,6658,4742,4781,9523,538,541,1079,116,167,283,40,73,113,6,33,39,2,4,6
2021-09-05,12311,12177,24488,1271,1346,2617,2437,2315,4752,7665,7537,15202,768,738,1506,125,178,303,38,40,78,6,17,23,1,6,7
2021-09-06,16361,16077,32438,1604,1510,3114,679,763,1442,10906,10800,21706,2631,2269,4900,419,511,930,94,148,242,20,62,82,8,14,22
2021-09-07,18263,20300,38563,983,1382,2365,1695,2537,4232,8151,7657,15808,3671,3845,7516,2973,3467,6440,666,1036,1702,97,309,406,27,67,94
2021-09-08,10670,10734,21404,2559,2235,4794,2733,2563,5296,3063,3187,6250,1484,1638,3122,624,670,1294,166,280,446,36,122,158,5,39,44
2021-09-09,15381,15212,30593,2516,2654,5170,9294,8505,17799,2218,2415,4633,1075,1192,2267,214,270,484,48,95,143,13,68,81,3,13,16
2021-09-10,5075,5466,10541,2286,2185,4471,790,968,1758,388,428,816,1198,1314,2512,332,407,739,63,123,186,16,37,53,2,4,6
2021-09-11,3415,3284,6699,691,689,1380,1662,1400,3062,261,302,563,696,763,1459,75,80,155,28,32,60,2,15,17,0,3,3
2021-09-12,865,983,1848,219,284,503,345,334,679,187,217,404,91,112,203,18,20,38,5,13,18,0,2,2,0,1,1
2021-09-13,7444,7321,14765,4383,4549,8932,2651,2320,4971,217,228,445,120,126,246,40,38,78,18,24,42,9,25,34,6,11,17
2021-09-14,6509,7633,14142,506,607,1113,416,477,893,391,457,848,4259,4533,8792,753,1251,2004,155,221,376,26,65,91,3,22,25
2021-09-15,17649,20003,37652,1157,1594,2751,1651,2323,3974,3406,3878,7284,8717,8856,17573,2395,2759,5154,234,415,649,71,138,209,18,40,58
2021-09-16,16712,19051,35763,2405,3421,5826,9620,10140,19760,2411,2597,5008,1369,1685,3054,730,839,1569,132,251,383,37,95,132,8,23,31
2021-09-17,14080,14298,28378,8464,8619,17083,3164,2934,6098,1315,1344,2659,799,878,1677,233,304,537,79,130,209,21,69,90,5,20,25
2021-09-18,12273,13245,25518,8655,9017,17672,2127,2209,4336,914,1145,2059,452,603,1055,96,175,271,19,62,81,8,29,37,2,5,7
2021-09-19,9234,9384,18618,5334,5108,10442,2141,2155,4296,1040,1148,2188,515,564,1079,132,189,321,54,138,192,17,65,82,1,17,18
2021-09-20,7272,6985,14257,3487,3351,6838,2220,1875,4095,867,920,1787,433,455,888,175,206,381,77,130,207,10,40,50,3,8,11
2021-09-21,12466,11613,24079,10105,9359,19464,1356,1086,2442,556,550,1106,296,351,647,108,172,280,31,61,92,11,23,34,3,11,14
2021-09-22,8701,7891,16592,5586,4907,10493,2018,1641,3659,584,606,1190,299,369,668,133,170,303,61,127,188,16,48,64,4,23,27
2021-09-23,5864,5994,11858,3977,4091,8068,1087,971,2058,454,467,921,236,274,510,58,98,156,41,55,96,11,30,41,0,8,8
2021-09-24,5799,5965,11764,2985,3068,6053,1243,1234,2477,987,947,1934,428,444,872,104,148,252,40,70,110,10,38,48,2,16,18
2021-09-25,3708,3090,6798,1141,938,2079,1334,850,2184,578,612,1190,504,538,1042,124,109,233,18,27,45,8,11,19,1,5,6
2021-09-26,12331,11292,23623,690,775,1465,1631,1671,3302,5082,4462,9544,4540,3827,8367,320,378,698,54,108,162,12,60,72,2,11,13
2021-09-27,12053,11166,23219,1938,2303,4241,5469,4783,10252,3191,2686,5877,1197,977,2174,189,252,441,46,89,135,22,56,78,1,20,21
2021-09-28,14146,14064,28210,1030,975,2005,9731,8289,18020,1259,1432,2691,808,953,1761,561,779,1340,603,1127,1730,138,409,547,16,100,116
2021-09-29,8814,8667,17481,2589,2779,5368,4437,3819,8256,883,889,1772,550,570,1120,205,249,454,114,227,341,36,104,140,0,30,30
2021-09-30,8635,9977,18612,5406,5803,11209,1121,1392,2513,1066,980,2046,743,1084,1827,227,483,710,56,162,218,15,63,78,1,10,11
2021-10-01,5729,5656,11385,2943,3039,5982,1262,1242,2504,867,723,1590,498,425,923,123,134,257,30,57,87,5,30,35,1,6,7
2021-10-02,2878,2829,5707,1187,1231,2418,849,727,1576,493,475,968,244,217,461,74,97,171,21,49,70,9,26,35,1,7,8
2021-10-03,3228,2806,6034,1527,1339,2866,1020,751,1771,412,356,768,160,180,340,81,109,190,19,46,65,8,21,29,1,4,5
2021-10-04,5794,5566,11360,2533,2358,4891,1874,1586,3460,736,730,1466,416,476,892,164,258,422,54,102,156,13,41,54,4,15,19
2021-10-05,3478,3433,6911,1412,1450,2862,965,833,1798,595,580,1175,360,392,752,112,108,220,24,36,60,8,25,33,2,9,11
2021-10-06,7252,7406,14658,5607,5836,11443,753,635,1388,483,450,933,266,289,555,97,111,208,31,43,74,12,29,41,3,13,16
2021-10-07,3101,3060,6161,1334,1171,2505,855,797,1652,417,443,860,333,386,719,126,168,294,28,60,88,3,25,28,5,10,15
2021-10-08,10694,10488,21182,667,921,1588,6185,5480,11665,1213,1310,2523,1392,1481,2873,1170,1159,2329,49,90,139,17,41,58,1,6,7
2021-10-09,9848,9689,19537,623,751,1374,4493,3975,8468,1236,1249,2485,2274,2354,4628,1167,1224,2391,43,95,138,12,34,46,0,7,7
2021-10-10,7017,7186,14203,447,628,1075,3585,3322,6907,787,892,1679,1338,1361,2699,824,892,1716,25,61,86,10,24,34,1,6,7
2021-10-11,4669,4565,9234,2606,2436,5042,1077,1045,2122,576,533,1109,280,312,592,84,125,209,35,67,102,10,43,53,1,4,5
2021-10-12,11012,10320,21332,6845,6150,12995,1402,1324,2726,1300,1342,2642,946,955,1901,434,425,859,69,88,157,15,29,44,1,7,8
2021-10-13,16626,17518,34144,15197,15863,31060,451,478,929,440,470,910,355,446,801,149,180,329,19,37,56,12,27,39,3,17,20
2021-10-14,13188,13115,26303,9757,9493,19250,1741,1735,3476,882,901,1783,533,618,1151,198,229,427,57,80,137,16,47,63,4,12,16
2021-10-15,13000,12571,25571,7509,6766,14275,3222,3027,6249,1332,1381,2713,634,834,1468,218,384,602,68,118,186,16,44,60,1,17,18
2021-10-16,8794,8971,17765,6397,6299,12696,1297,1329,2626,635,739,1374,308,354,662,120,153,273,30,64,94,7,23,30,0,10,10
2021-10-17,3134,3587,6721,2111,2234,4345,422,533,955,285,353,638,202,270,472,90,120,210,20,49,69,3,23,26,1,5,6
2021-10-18,12228,11832,24060,9751,9511,19262,1007,862,1869,831,713,1544,482,471,953,132,197,329,20,42,62,5,23,28,0,13,13
2021-10-19,9278,8867,18145,5811,5564,11375,1561,1349,2910,1026,994,2020,539,556,1095,294,320,614,33,57,90,13,18,31,1,9,10
2021-10-20,9021,8627,17648,7146,6864,14010,844,730,1574,590,549,1139,296,290,586,113,117,230,22,50,72,7,21,28,3,6,9
2021-10-21,10871,11264,22135,8595,9086,17681,1057,904,1961,586,539,1125,370,368,738,198,228,426,37,65,102,26,49,75,2,25,27
2021-10-22,13855,14652,28507,10958,11362,22320,1374,1397,2771,687,804,1491,588,659,1247,191,266,457,43,97,140,14,56,70,0,11,11
2021-10-23,8722,8811,17533,7469,7549,15018,688,667,1355,259,286,545,178,164,342,91,86,177,23,35,58,10,17,27,4,7,11
2021-10-24,9164,9152,18316,8701,8639,17340,192,198,390,127,145,272,79,81,160,46,58,104,12,21,33,5,7,12,2,3,5
2021-10-25,9991,10328,20319,8051,7914,15965,858,880,1738,605,698,1303,301,419,720,116,228,344,44,120,164,13,56,69,3,13,16
2021-10-26,11804,11478,23282,10356,10089,20445,774,679,1453,334,347,681,210,195,405,87,79,166,29,42,71,12,31,43,2,16,18
2021-10-27,12465,12685,25150,11206,11345,22551,567,575,1142,372,374,746,207,214,421,76,109,185,32,45,77,5,20,25,0,3,3
2021-10-28,12816,12982,25798,11313,11395,22708,677,628,1305,418,426,844,261,281,542,96,144,240,38,57,95,8,35,43,5,16,21
2021-10-29,12525,12495,25020,11618,11571,23189,485,433,918,215,243,458,125,120,245,61,62,123,14,32,46,6,25,31,1,9,10
2021-10-30,8590,8702,17292,7962,8053,16015,341,313,654,155,167,322,85,91,176,40,47,87,5,22,27,2,7,9,0,2,2
2021-10-31,8061,7920,15981,7379,7267,14646,339,344,683,183,152,335,101,87,188,36,36,72,16,24,40,5,8,13,2,2,4
2021-11-01,7991,7186,15177,4615,4411,9026,2304,1697,4001,638,522,1160,283,304,587,123,159,282,25,66,91,3,18,21,0,9,9
2021-11-02,3982,3977,7959,2500,2233,4733,857,863,1720,334,423,757,192,259,451,67,118,185,14,44,58,8,25,33,10,12,22
2021-11-03,9483,10110,19593,8846,9477,18323,285,249,534,185,165,350,110,111,221,38,58,96,11,27,38,7,16,23,1,7,8
2021-11-04,9707,9779,19486,9128,9131,18259,253,277,530,166,151,317,87,85,172,39,62,101,19,45,64,10,18,28,5,10,15
2021-11-05,3928,3524,7452,3382,3002,6384,219,219,438,142,127,269,117,80,197,40,47,87,18,23,41,9,17,26,1,9,10
2021-11-06,3318,3291,6609,2902,2815,5717,183,185,368,97,116,213,87,103,190,34,35,69,8,22,30,5,13,18,2,2,4
2021-11-07,3236,3126,6362,2743,2664,5407,222,203,425,132,108,240,79,58,137,36,45,81,16,24,40,8,17,25,0,7,7
2021-11-08,8935,9187,18122,8155,8177,16332,346,401,747,213,252,465,134,185,319,60,93,153,21,57,78,5,11,16,1,11,12
2021-11-09,4139,4183,8322,3573,3514,7087,266,280,546,169,172,341,91,118,209,31,47,78,6,31,37,3,12,15,0,9,9
2021-11-10,5984,5548,11532,5462,4941,10403,246,259,505,127,133,260,73,88,161,52,54,106,20,39,59,3,21,24,1,13,14
2021-11-11,5012,4786,9798,4320,4063,8383,317,257,574,170,173,343,105,130,235,44,70,114,31,49,80,21,34,55,4,10,14
2021-11-12,7563,7662,15225,6870,6907,13777,258,254,512,219,228,447,118,107,225,61,89,150,24,47,71,8,20,28,5,10,15
2021-11-13,1200,1095,2295,1165,1063,2228,13,10,23,12,9,21,5,8,13,3,4,7,0,1,1,1,0,1,1,0,1
2021-11-14,1391,1373,2764,1373,1360,2733,7,8,15,6,3,9,5,0,5,0,2,2,0,0,0,0,0,0,0,0,0
2021-11-15,6766,6801,13567,6058,6026,12084,248,279,527,243,247,490,169,165,334,35,42,77,9,26,35,4,14,18,0,2,2
2021-11-16,10091,9769,19860,7681,7627,15308,1050,858,1908,872,741,1613,312,302,614,134,156,290,32,45,77,8,31,39,2,9,11
2021-11-17,12023,11762,23785,11423,11115,22538,328,286,614,130,158,288,94,102,196,28,45,73,9,29,38,4,17,21,7,10,17
2021-11-18,11605,11367,22972,11075,10814,21889,236,217,453,160,154,314,87,93,180,32,43,75,10,17,27,3,16,19,2,13,15
2021-11-19,11191,10885,22076,10295,9923,20218,414,401,815,230,236,466,155,178,333,62,79,141,28,38,66,7,20,27,0,10,10
2021-11-20,3683,3910,7593,3318,3499,6817,140,137,277,102,117,219,77,75,152,24,48,72,13,21,34,7,11,18,2,2,4
2021-11-21,3809,3909,7718,3301,3361,6662,178,181,359,137,155,292,121,128,249,50,52,102,14,19,33,6,8,14,2,5,7
2021-11-22,4781,4840,9621,4267,4287,8554,218,229,447,144,128,272,101,111,212,37,37,74,10,28,38,3,13,16,1,7,8
2021-11-23,7539,7567,15106,6661,6696,13357,411,379,790,235,220,455,159,161,320,46,66,112,18,24,42,7,15,22,2,6,8
2021-11-24,8516,8284,16800,7617,7424,15041,450,375,825,246,221,467,137,149,286,38,65,103,17,28,45,8,17,25,3,5,8
2021-11-25,2564,2461,5025,1930,1808,3738,351,277,628,151,185,336,63,84,147,40,50,90,15,24,39,9,29,38,5,4,9
2021-11-26,6241,6143,12384,5190,5120,10310,458,427,885,302,275,577,185,156,341,62,89,151,29,45,74,13,20,33,2,11,13
2021-11-27,5074,5089,10163,4560,4486,9046,198,212,410,140,153,293,110,129,239,42,59,101,16,27,43,4,16,20,4,7,11
2021-11-28,4820,4571,9391,4363,4093,8456,225,233,458,114,125,239,64,64,128,40,25,65,9,21,30,5,8,13,0,2,2
2021-11-29,4714,4720,9434,3926,3913,7839,399,395,794,229,216,445,113,100,213,31,58,89,10,23,33,4,8,12,2,7,9
2021-11-30,5805,5751,11556,4766,4644,9410,579,556,1135,245,228,473,118,150,268,69,99,168,19,45,64,6,17,23,3,12,15
2021-12-01,7226,6875,14101,6287,5867,12154,446,410,856,234,238,472,165,171,336,60,109,169,25,49,74,8,21,29,1,10,11
2021-12-02,7278,7422,14700,6164,6088,12252,523,490,1013,371,416,787,136,232,368,54,91,145,24,65,89,5,28,33,1,12,13
2021-12-03,2408,2325,4733,1815,1719,3534,299,290,589,140,131,271,79,86,165,53,52,105,18,31,49,3,13,16,1,3,4
2021-12-04,2539,2580,5119,2190,2220,4410,137,137,274,106,88,194,52,66,118,33,36,69,16,20,36,5,8,13,0,5,5
2021-12-05,1977,2024,4001,1643,1645,3288,172,166,338,73,89,162,52,63,115,26,37,63,7,13,20,3,8,11,1,3,4
2021-12-06,5333,5306,10639,4504,4403,8907,385,384,769,239,269,508,126,141,267,53,62,115,20,29,49,5,14,19,1,4,5
2021-12-07,4093,4124,8217,3146,3123,6269,467,451,918,249,264,513,138,132,270,59,91,150,28,42,70,4,17,21,2,4,6
2021-12-08,3090,3044,6134,2495,2468,4963,246,215,461,153,142,295,123,119,242,48,56,104,19,25,44,4,12,16,2,7,9
2021-12-09,5421,5283,10704,4878,4676,9554,242,225,467,146,162,308,87,98,185,43,63,106,19,39,58,5,18,23,1,2,3
2021-12-10,3419,3270,6689,2950,2745,5695,228,217,445,118,108,226,64,90,154,40,52,92,11,25,36,7,16,23,1,17,18
2021-12-11,2332,2368,4700,1848,1882,3730,234,193,427,111,123,234,74,90,164,46,39,85,14,21,35,5,16,21,0,4,4
2021-12-12,2180,2013,4193,1581,1445,3026,335,273,608,146,146,292,75,80,155,36,42,78,6,18,24,1,7,8,0,2,2
2021-12-13,2215,2096,4311,1426,1398,2824,426,355,781,195,153,348,109,103,212,40,44,84,12,25,37,6,14,20,1,4,5
2021-12-14,3144,3148,6292,2378,2369,4747,362,318,680,204,221,425,121,103,224,53,70,123,16,35,51,8,23,31,2,9,11
2021-12-15,3111,3118,6229,2399,2369,4768,302,256,558,198,186,384,135,150,285,57,77,134,17,51,68,2,16,18,1,13,14
2021-12-16,3194,2986,6180,2563,2409,4972,318,233,551,163,143,306,96,95,191,36,52,88,12,33,45,5,15,20,1,6,7
2021-12-17,2912,2913,5825,2366,2277,4643,252,229,481,142,144,286,81,126,207,49,66,115,15,37,52,5,28,33,2,6,8
2021-12-18,2325,2256,4581,1696,1651,3347,269,225,494,177,187,364,108,90,198,48,60,108,16,19,35,10,18,28,1,6,7
2021-12-19,2461,2295,4756,1829,1713,3542,299,272,571,180,140,320,95,92,187,35,34,69,13,18,31,8,16,24,2,10,12
2021-12-20,3631,3307,6938,2679,2422,5101,510,435,945,252,212,464,119,112,231,41,51,92,18,37,55,9,28,37,3,10,13
2021-12-21,4087,3640,7727,3029,2715,5744,545,445,990,285,222,507,152,164,316,52,43,95,16,18,34,6,21,27,2,12,14
2021-12-22,4329,4020,8349,3386,3039,6425,415,371,786,251,258,509,165,156,321,71,112,183,33,53,86,5,19,24,3,12,15
2021-12-23,3900,3362,7262,3049,2476,5525,430,383,813,240,241,481,123,130,253,41,66,107,13,37,50,4,21,25,0,8,8
2021-12-24,1100,969,2069,739,677,1416,171,126,297,92,88,180,66,41,107,21,17,38,8,8,16,1,7,8,2,5,7
2021-12-25,5,14,19,1,2,3,0,0,0,0,0,0,0,0,0,0,3,3,3,0,3,0,6,6,1,3,4
2021-12-26,2212,2167,4379,1682,1613,3295,253,271,524,153,156,309,80,58,138,27,32,59,10,22,32,6,9,15,1,6,7
2021-12-27,4340,3905,8245,2976,2595,5571,668,590,1258,403,326,729,193,221,414,71,81,152,20,50,70,7,32,39,2,10,12
2021-12-28,4174,3897,8071,2859,2690,5549,599,491,1090,357,341,698,244,196,440,71,92,163,35,47,82,8,27,35,1,13,14
2021-12-29,4546,4127,8673,3326,3048,6374,612,483,1095,356,341,697,168,133,301,53,54,107,18,31,49,10,33,43,3,4,7
2021-12-30,4255,3770,8025,3161,2771,5932,563,441,1004,285,270,555,163,138,301,53,63,116,23,46,69,7,31,38,0,10,10
2021-12-31,1226,1140,2366,893,809,1702,161,156,317,113,80,193,33,53,86,15,19,34,9,14,23,2,7,9,0,2,2
2022-01-01,7,10,17,4,6,10,1,2,3,2,0,2,0,1,1,0,1,1,0,0,0,0,0,0,0,0,0
2022-01-02,2247,2160,4407,1712,1612,3324,253,265,518,149,135,284,86,80,166,32,33,65,12,18,30,3,14,17,0,3,3
2022-01-03,3719,3294,7013,2264,2039,4303,845,615,1460,332,301,633,179,176,355,66,92,158,22,38,60,10,29,39,1,4,5
2022-01-04,3129,3060,6189,2048,1970,4018,539,461,1000,285,303,588,170,172,342,63,78,141,19,44,63,3,28,31,2,4,6
2022-01-05,3741,3553,7294,2413,2317,4730,787,605,1392,285,278,563,163,178,341,61,83,144,23,54,77,8,31,39,1,7,8
2022-01-06,3258,3073,6331,2412,2206,4618,439,349,788,218,224,442,105,115,220,53,92,145,23,42,65,5,28,33,3,17,20
2022-01-07,5017,4887,9904,3398,3290,6688,899,773,1672,394,355,749,184,209,393,92,140,232,29,65,94,15,41,56,6,14,20
2022-01-08,2087,1971,4058,1442,1406,2848,309,273,582,179,127,306,96,81,177,43,40,83,15,23,38,3,13,16,0,8,8
2022-01-09,2332,2072,4404,1679,1502,3181,390,319,709,144,124,268,67,62,129,38,32,70,11,21,32,1,7,8,2,5,7
2022-01-10,2713,2430,5143,1864,1702,3566,465,342,807,216,177,393,103,87,190,32,56,88,22,39,61,8,21,29,3,6,9
2022-01-11,2894,2749,5643,2058,1909,3967,445,394,839,228,210,438,89,117,206,42,53,95,21,31,52,8,23,31,3,12,15
2022-01-12,2707,2575,5282,2083,1940,4023,303,263,566,180,159,339,91,77,168,28,55,83,16,41,57,5,25,30,1,15,16
2022-01-13,2771,2545,5316,2222,2008,4230,263,238,501,148,141,289,78,71,149,39,44,83,12,23,35,7,11,18,2,9,11
2022-01-14,2598,2388,4986,2035,1912,3947,294,208,502,148,134,282,80,62,142,25,40,65,6,19,25,9,9,18,1,4,5
2022-01-15,1566,1407,2973,1280,1154,2434,168,131,299,65,54,119,37,35,72,9,20,29,5,5,10,2,4,6,0,4,4
2022-01-16,1482,1423,2905,1179,1138,2317,179,145,324,69,63,132,31,41,72,19,19,38,4,10,14,1,4,5,0,3,3
2022-01-17,3298,3093,6391,2192,1996,4188,606,544,1150,251,263,514,155,138,293,64,81,145,21,37,58,7,23,30,2,11,13
2022-01-18,2903,2651,5554,1913,1711,3624,505,436,941,293,259,552,124,122,246,40,54,94,18,37,55,5,23,28,5,9,14
2022-01-19,2798,2477,5275,1946,1774,3720,443,330,773,223,164,387,101,100,201,60,46,106,21,35,56,3,21,24,1,7,8
2022-01-20,3615,3441,7056,2682,2534,5216,453,395,848,217,229,446,163,155,318,68,68,136,20,35,55,11,21,32,1,4,5
2022-01-21,3189,2949,6138,2337,2115,4452,387,342,729,260,217,477,123,122,245,46,65,111,25,43,68,7,35,42,4,10,14
2022-01-22,1426,1313,2739,995,902,1897,214,187,401,130,112,242,59,58,117,21,19,40,6,18,24,1,13,14,0,4,4
2022-01-23,1426,1224,2650,958,857,1815,231,169,400,143,111,254,59,37,96,19,27,46,14,12,26,1,8,9,1,3,4
2022-01-24,3118,2814,5932,2107,1864,3971,545,426,971,262,247,509,119,131,250,54,70,124,23,49,72,6,22,28,2,5,7
2022-01-25,2836,2579,5415,1840,1702,3542,468,365,833,265,224,489,163,150,313,66,69,135,25,31,56,9,20,29,0,18,18
2022-01-26,2668,2446,5114,1929,1782,3711,324,260,584,215,179,394,129,128,257,50,54,104,16,20,36,3,20,23,2,3,5
2022-01-27,2497,2334,4831,1883,1778,3661,321,255,576,179,140,319,72,88,160,29,42,71,7,19,26,5,7,12,1,5,6
2022-01-28,2136,2055,4191,1542,1443,2985,283,228,511,161,150,311,82,113,195,44,52,96,11,33,44,9,24,33,4,12,16
2022-01-29,1413,1305,2718,996,885,1881,193,179,372,122,102,224,67,64,131,18,42,60,14,20,34,3,13,16,0,0,0
2022-01-30,1585,1373,2958,1168,1036,2204,209,143,352,121,94,215,56,53,109,18,24,42,9,10,19,4,10,14,0,3,3
2022-01-31,2068,1807,3875,1417,1193,2610,350,276,626,165,162,327,87,81,168,30,39,69,8,23,31,9,22,31,2,11,13
2022-02-01,2166,2050,4216,1466,1366,2832,371,302,673,185,189,374,90,88,178,24,56,80,22,25,47,6,16,22,2,8,10
2022-02-02,2175,2027,4202,1482,1357,2839,361,279,640,170,171,341,94,87,181,42,53,95,16,35,51,8,29,37,2,16,18
2022-02-03,1922,1767,3689,1429,1298,2727,260,199,459,117,134,251,69,54,123,26,24,50,12,29,41,5,18,23,4,11,15
2022-02-04,3676,3582,7258,2955,2845,5800,350,304,654,195,195,390,114,120,234,43,53,96,16,40,56,2,20,22,1,5,6
2022-02-05,1919,1869,3788,1426,1368,2794,238,179,417,133,144,277,78,100,178,23,36,59,14,18,32,4,16,20,3,8,11
2022-02-06,1975,1830,3805,1549,1454,3003,206,176,382,139,109,248,53,45,98,20,19,39,7,16,23,0,8,8,1,3,4
2022-02-07,2251,2167,4418,1671,1624,3295,308,262,570,131,129,260,86,79,165,38,35,73,13,23,36,2,10,12,2,5,7
2022-02-08,2728,2500,5228,1974,1811,3785,398,329,727,204,191,395,107,81,188,36,39,75,5,25,30,3,21,24,1,3,4
2022-02-09,2643,2474,5117,2079,1877,3956,296,278,574,158,144,302,66,81,147,27,42,69,12,19,31,3,21,24,2,12,14
2022-02-10,2576,2392,4968,2129,1970,4099,244,196,440,117,88,205,45,50,95,19,32,51,11,16,27,7,25,32,4,15,19
2022-02-11,2995,2821,5816,2289,2142,4431,374,283,657,152,177,329,106,95,201,44,57,101,21,36,57,9,23,32,0,8,8
2022-02-12,2092,1971,4063,1526,1402,2928,282,237,519,182,179,361,74,75,149,16,39,55,7,22,29,5,14,19,0,3,3
2022-02-13,1788,1724,3512,1322,1281,2603,228,197,425,166,165,331,48,45,93,15,18,33,8,9,17,0,6,6,1,3,4
2022-02-14,1874,1826,3700,1427,1348,2775,218,189,407,140,135,275,58,87,145,22,30,52,4,17,21,5,14,19,0,6,6
2022-02-15,1780,1560,3340,1206,1075,2281,307,254,561,156,119,275,69,52,121,22,27,49,11,18,29,7,10,17,2,5,7
2022-02-16,2040,1841,3881,1471,1310,2781,310,238,548,141,143,284,80,74,154,26,34,60,6,22,28,6,13,19,0,7,7
2022-02-17,2510,2243,4753,1990,1867,3857,340,210,550,93,76,169,53,43,96,23,16,39,8,23,31,2,6,8,1,2,3
2022-02-18,2201,2143,4344,1773,1736,3509,223,182,405,106,92,198,63,71,134,22,31,53,9,17,26,4,9,13,1,5,6
2022-02-19,1259,1101,2360,954,799,1753,144,130,274,86,80,166,49,40,89,12,33,45,10,14,24,3,3,6,1,2,3
2022-02-20,1080,917,1997,772,647,1419,146,106,252,84,75,159,49,45,94,14,23,37,12,9,21,3,11,14,0,1,1
2022-02-21,1487,1298,2785,1109,925,2034,175,153,328,106,101,207,64,58,122,20,29,49,10,18,28,1,11,12,2,3,5
2022-02-22,1530,1539,3069,1025,1002,2027,255,231,486,146,142,288,67,67,134,23,46,69,8,29,37,4,14,18,2,8,10
2022-02-23,1182,1081,2263,814,734,1548,170,138,308,111,109,220,50,42,92,20,24,44,8,13,21,7,12,19,2,9,11
2022-02-24,1037,1050,2087,757,692,1449,137,139,276,73,95,168,47,45,92,16,25,41,6,27,33,1,16,17,0,11,11
2022-02-25,1296,1238,2534,882,818,1700,211,178,389,102,95,197,62,76,138,25,34,59,9,20,29,4,12,16,1,5,6
2022-02-26,1022,963,1985,812,747,1559,99,88,187,55,57,112,30,34,64,16,18,34,7,6,13,3,10,13,0,3,3
2022-02-27,1078,1006,2084,857,834,1691,89,66,155,67,46,113,46,39,85,12,12,24,6,7,13,1,1,2,0,1,1
2022-02-28,741,650,1391,584,525,1109,82,55,137,39,43,82,27,17,44,6,2,8,2,7,9,1,1,2,0,0,0
2022-03-01,750,693,1443,566,509,1075,91,72,163,40,37,77,29,39,68,7,19,26,13,9,22,2,5,7,2,3,5
2022-03-02,968,986,1954,620,607,1227,167,131,298,86,103,189,59,70,129,20,33,53,10,25,35,3,11,14,3,6,9
2022-03-03,1305,1250,2555,863,778,1641,233,194,427,115,126,241,59,53,112,19,41,60,10,25,35,3,23,26,3,10,13
2022-03-04,928,917,1845,525,519,1044,272,219,491,75,79,154,27,43,70,15,22,37,10,17,27,4,14,18,0,4,4
2022-03-05,548,548,1096,410,389,799,70,75,145,43,31,74,12,25,37,10,14,24,2,9,11,0,2,2,1,3,4
2022-03-06,781,752,1533,638,607,1245,74,76,150,43,36,79,17,21,38,7,8,15,2,1,3,0,3,3,0,0,0
2022-03-07,1032,890,1922,700,627,1327,159,115,274,101,65,166,51,47,98,7,21,28,9,9,18,2,2,4,3,4,7
2022-03-08,1021,983,2004,720,705,1425,150,125,275,81,73,154,39,34,73,20,22,42,6,11,17,5,8,13,0,5,5
2022-03-09,809,752,1561,504,448,952,158,106,264,81,72,153,37,43,80,14,34,48,8,21,29,3,21,24,4,7,11
2022-03-10,1143,961,2104,840,695,1535,143,103,246,85,79,164,45,40,85,16,15,31,8,18,26,4,4,8,2,7,9
2022-03-11,1058,1029,2087,766,715,1481,147,141,288,74,83,157,43,39,82,14,24,38,10,12,22,4,10,14,0,5,5
2022-03-12,496,500,996,337,332,669,76,76,152,38,43,81,32,20,52,8,14,22,3,7,10,2,7,9,0,1,1
2022-03-13,411,421,832,272,276,548,84,65,149,32,43,75,13,21,34,6,6,12,4,5,9,0,3,3,0,2,2
2022-03-14,1264,1139,2403,853,787,1640,234,182,416,103,85,188,45,50,95,20,17,37,6,6,12,2,9,11,1,3,4
2022-03-15,1232,1132,2364,843,759,1602,214,162,376,106,109,215,39,49,88,23,28,51,4,8,12,3,12,15,0,5,5
2022-03-16,1130,1045,2175,869,765,1634,142,122,264,60,61,121,33,49,82,15,28,43,8,12,20,1,5,6,2,3,5
2022-03-17,1311,1268,2579,930,864,1794,213,186,399,85,91,176,42,52,94,27,32,59,11,20,31,2,17,19,1,6,7
2022-03-18,914,876,1790,681,636,1317,128,112,240,57,52,109,22,35,57,16,20,36,8,8,16,2,10,12,0,3,3
2022-03-19,677,672,1349,477,480,957,120,90,210,42,51,93,19,22,41,11,12,23,5,10,15,3,3,6,0,4,4
2022-03-20,494,426,920,364,327,691,75,48,123,22,25,47,16,16,32,10,3,13,4,5,9,2,1,3,1,1,2
2022-03-21,780,733,1513,442,390,832,178,133,311,99,88,187,37,50,87,14,34,48,8,20,28,2,13,15,0,5,5
2022-03-22,647,555,1202,398,308,706,137,101,238,69,67,136,30,40,70,10,17,27,3,9,12,0,10,10,0,3,3
2022-03-23,845,766,1611,502,451,953,181,128,309,91,94,185,46,45,91,18,20,38,6,15,21,1,11,12,0,2,2
