FECHA,TotalM,TotalF,Total,<=30M,<=30F,<=30,31-40M,31-40F,31-40,41-50M,41-50F,41-50,51-60M,51-60F,51-60,61-70M,61-70F,61-70,71-80M,71-80F,71-80,81-90M,81-90F,81-90,>=91M,>=91F,>=91
2020-12-29,259,413,672,38,69,107,92,126,218,79,133,212,49,83,132,1,2,3,0,0,0,0,0,0,0,0,0
2020-12-30,559,898,1457,83,168,251,199,270,469,169,282,451,105,175,280,3,3,6,0,0,0,0,0,0,0,0,0
2020-12-31,596,942,1538,90,171,261,211,286,497,181,298,479,111,183,294,3,4,7,0,0,0,0,0,0,0,0,0
2021-01-01,596,942,1538,90,171,261,211,286,497,181,298,479,111,183,294,3,4,7,0,0,0,0,0,0,0,0,0
2021-01-02,736,1188,1924,104,199,303,265,384,649,228,365,593,135,235,370,4,5,9,0,0,0,0,0,0,0,0,0
2021-01-03,785,1287,2072,112,213,325,287,425,712,239,393,632,143,251,394,4,5,9,0,0,0,0,0,0,0,0,0
2021-01-04,1105,1812,2917,169,304,473,389,613,1002,332,546,878,210,344,554,5,5,10,0,0,0,0,0,0,0,0,0
2021-01-05,1575,2543,4118,238,432,670,585,855,1440,451,765,1216,295,482,777,6,8,14,0,1,1,0,0,0,0,0,0
2021-01-06,2091,3319,5410,328,578,906,781,1089,1870,594,991,1585,381,651,1032,7,9,16,0,1,1,0,0,0,0,0,0
2021-01-07,2620,4214,6834,413,735,1148,961,1398,2359,744,1252,1996,495,819,1314,7,9,16,0,1,1,0,0,0,0,0,0
2021-01-08,3285,5392,8677,534,965,1499,1186,1801,2987,935,1590,2525,618,1023,1641,12,12,24,0,1,1,0,0,0,0,0,0
2021-01-09,3453,5664,9117,548,1005,1553,1257,1903,3160,987,1676,2663,649,1067,1716,12,12,24,0,1,1,0,0,0,0,0,0
2021-01-10,3661,6023,9684,581,1053,1634,1346,2054,3400,1040,1778,2818,680,1125,1805,14,12,26,0,1,1,0,0,0,0,0,0
2021-01-11,4318,7215,11533,692,1311,2003,1611,2456,4067,1214,2101,3315,785,1331,2116,16,15,31,0,1,1,0,0,0,0,0,0
2021-01-12,4908,8304,13212,787,1501,2288,1846,2845,4691,1364,2390,3754,894,1551,2445,17,16,33,0,1,1,0,0,0,0,0,0
2021-01-13,5373,9194,14567,866,1680,2546,2010,3168,5178,1492,2624,4116,987,1705,2692,18,16,34,0,1,1,0,0,0,0,0,0
2021-01-14,6171,10610,16781,1035,1960,2995,2302,3655,5957,1708,3018,4726,1108,1959,3067,18,17,35,0,1,1,0,0,0,0,0,0
2021-01-15,7364,12829,20193,1250,2410,3660,2767,4426,7193,2014,3631,5645,1315,2341,3656,18,20,38,0,1,1,0,0,0,0,0,0
2021-01-16,7838,13683,21521,1346,2563,3909,2943,4753,7696,2134,3873,6007,1397,2473,3870,18,20,38,0,1,1,0,0,0,0,0,0
2021-01-17,8123,14228,22351,1412,2656,4068,3056,4968,8024,2206,4026,6232,1431,2557,3988,18,20,38,0,1,1,0,0,0,0,0,0
2021-01-18,8311,14544,22855,1440,2710,4150,3117,5072,8189,2262,4129,6391,1474,2612,4086,18,20,38,0,1,1,0,0,0,0,0,0
2021-01-19,8595,15013,23608,1476,2777,4253,3198,5241,8439,2356,4274,6630,1545,2699,4244,20,21,41,0,1,1,0,0,0,0,0,0
2021-01-20,8886,15518,24404,1507,2873,4380,3307,5391,8698,2443,4432,6875,1609,2797,4406,20,24,44,0,1,1,0,0,0,0,0,0
2021-01-21,9014,15709,24723,1530,2903,4433,3351,5444,8795,2477,4497,6974,1631,2838,4469,25,25,50,0,2,2,0,0,0,0,0,0
2021-01-22,9052,15759,24811,1537,2913,4450,3366,5458,8824,2489,4514,7003,1633,2846,4479,26,26,52,1,2,3,0,0,0,0,0,0
2021-01-23,9170,15960,25130,1547,2934,4481,3411,5538,8949,2528,4574,7102,1656,2886,4542,27,26,53,1,2,3,0,0,0,0,0,0
2021-01-24,9214,16048,25262,1552,2943,4495,3431,5575,9006,2539,4600,7139,1664,2902,4566,27,26,53,1,2,3,0,0,0,0,0,0
2021-01-25,9495,16508,26003,1597,3020,4617,3515,5722,9237,2619,4744,7363,1734,2992,4726,29,28,57,1,2,3,0,0,0,0,0,0
2021-01-26,9878,17163,27041,1640,3125,4765,3663,5908,9571,2726,4964,7690,1814,3132,4946,34,32,66,1,2,3,0,0,0,0,0,0
2021-01-27,10326,17825,28151,1715,3241,4956,3833,6103,9936,2843,5158,8001,1896,3287,5183,38,34,72,1,2,3,0,0,0,0,0,0
2021-01-28,10788,18633,29421,1791,3386,5177,3986,6376,10362,2972,5384,8356,1999,3450,5449,39,35,74,1,2,3,0,0,0,0,0,0
2021-01-29,11421,19694,31115,1893,3574,5467,4228,6751,10979,3154,5691,8845,2102,3637,5739,43,39,82,1,2,3,0,0,0,0,0,0
2021-01-30,11573,19954,31527,1912,3613,5525,4287,6855,11142,3199,5768,8967,2131,3677,5808,43,39,82,1,2,3,0,0,0,0,0,0
2021-01-31,11691,20179,31870,1935,3646,5581,4329,6948,11277,3231,5828,9059,2151,3716,5867,44,39,83,1,2,3,0,0,0,0,0,0
2021-02-01,12237,21123,33360,2026,3821,5847,4553,7280,11833,3381,6083,9464,2231,3894,6125,45,43,88,1,2,3,0,0,0,0,0,0
2021-02-02,13420,23127,36547,2139,4065,6204,4842,7746,12588,3587,6521,10108,2457,4356,6813,351,406,757,38,31,69,5,2,7,1,0,1
2021-02-03,14688,25439,40127,2277,4392,6669,5166,8363,13529,3840,7067,10907,2704,4830,7534,618,724,1342,74,59,133,8,4,12,1,0,1
2021-02-04,15930,27763,43693,2436,4716,7152,5525,9027,14552,4132,7633,11765,2925,5312,8237,785,974,1759,113,94,207,12,7,19,2,0,2
2021-02-05,17840,31475,49315,2716,5294,8010,6145,10197,16342,4537,8542,13079,3283,6047,9330,976,1250,2226,164,136,300,17,9,26,2,0,2
2021-02-06,18282,32282,50564,2797,5412,8209,6281,10474,16755,4653,8772,13425,3369,6202,9571,998,1276,2274,165,137,302,17,9,26,2,0,2
2021-02-07,18635,32934,51569,2851,5502,8353,6394,10711,17105,4763,8964,13727,3427,6313,9740,1014,1297,2311,167,138,305,17,9,26,2,0,2
2021-02-08,19503,34527,54030,2979,5782,8761,6672,11212,17884,4974,9392,14366,3577,6584,10161,1103,1400,2503,178,148,326,18,9,27,2,0,2
2021-02-09,20495,36458,56953,3120,6124,9244,6976,11783,18759,5201,9854,15055,3758,6987,10745,1223,1546,2769,192,155,347,23,9,32,2,0,2
2021-02-10,21036,37486,58522,3203,6289,9492,7110,12109,19219,5346,10117,15463,3866,7192,11058,1282,1608,2890,201,162,363,26,9,35,2,0,2
2021-02-11,21489,38553,60042,3274,6470,9744,7254,12457,19711,5443,10386,15829,3937,7390,11327,1339,1671,3010,213,170,383,27,9,36,2,0,2
2021-02-12,22002,39510,61512,3348,6628,9976,7422,12790,20212,5560,10665,16225,4028,7528,11556,1386,1712,3098,226,178,404,30,9,39,2,0,2
2021-02-13,22030,39554,61584,3350,6636,9986,7433,12807,20240,5566,10674,16240,4036,7537,11573,1386,1713,3099,227,178,405,30,9,39,2,0,2
2021-02-14,22036,39579,61615,3352,6643,9995,7435,12815,20250,5566,10684,16250,4038,7537,11575,1386,1713,3099,227,178,405,30,9,39,2,0,2
2021-02-15,22036,39579,61615,3352,6643,9995,7435,12815,20250,5566,10684,16250,4038,7537,11575,1386,1713,3099,227,178,405,30,9,39,2,0,2
2021-02-16,22047,39615,61662,3353,6644,9997,7443,12833,20276,5568,10697,16265,4038,7540,11578,1386,1713,3099,227,179,406,30,9,39,2,0,2
2021-02-17,22847,41123,63970,3480,6873,10353,7690,13284,20974,5738,11129,16867,4184,7826,12010,1484,1819,3303,239,183,422,30,9,39,2,0,2
2021-02-18,24700,45013,69713,3699,7414,11113,8216,14334,22550,6117,12154,18271,4548,8609,13157,1751,2210,3961,318,277,595,49,15,64,2,0,2
2021-02-19,26376,48832,75208,3895,7948,11843,8665,15451,24116,6547,13138,19685,4857,9345,14202,1962,2545,4507,384,380,764,61,25,86,5,0,5
2021-02-20,26832,49619,76451,3940,8032,11972,8803,15724,24527,6659,13331,19990,4945,9495,14440,2015,2627,4642,403,385,788,62,25,87,5,0,5
2021-02-21,27160,50123,77283,3975,8097,12072,8896,15911,24807,6739,13462,20201,5024,9581,14605,2048,2657,4705,409,390,799,64,25,89,5,0,5
2021-02-22,30583,56364,86947,4170,8543,12713,9249,16775,26024,7009,14162,21171,5279,10126,15405,2360,2971,5331,803,923,1726,1541,2438,3979,172,426,598
2021-02-23,34553,63749,98302,4421,9071,13492,9694,17871,27565,7436,15164,22600,5642,10926,16568,2838,3583,6421,1159,1417,2576,3013,4856,7869,350,861,1211
2021-02-24,38606,71355,109961,4678,9534,14212,10246,18924,29170,7883,16130,24013,5969,11679,17648,3223,4089,7312,1559,2033,3592,4534,7602,12136,514,1364,1878
2021-02-25,42645,78894,121539,4912,10067,14979,10771,20015,30786,8377,17025,25402,6341,12466,18807,3567,4582,8149,1894,2605,4499,6065,10261,16326,718,1873,2591
2021-02-26,46556,86755,133311,5163,10627,15790,11316,21132,32448,8757,17980,26737,6737,13323,20060,3921,5087,9008,2252,3135,5387,7504,13033,20537,906,2438,3344
2021-02-27,47080,87856,134936,5203,10701,15904,11415,21259,32674,8845,18102,26947,6797,13430,20227,3977,5189,9166,2315,3263,5578,7607,13343,20950,921,2569,3490
2021-02-28,47235,88210,135445,5218,10718,15936,11445,21318,32763,8862,18137,26999,6810,13447,20257,4012,5222,9234,2330,3301,5631,7632,13436,21068,926,2631,3557
2021-03-01,50319,94285,144604,5329,10951,16280,11708,21847,33555,9085,18536,27621,6975,13830,20805,4205,5472,9677,2688,3860,6548,9203,16626,25829,1126,3163,4289
2021-03-02,53358,100167,153525,5455,11252,16707,11939,22351,34290,9259,18964,28223,7131,14176,21307,4392,5785,10177,3059,4431,7490,10788,19535,30323,1335,3673,5008
2021-03-03,56240,105979,162219,5588,11510,17098,12190,22946,35136,9480,19459,28939,7290,14564,21854,4530,6020,10550,3363,4949,8312,12250,22316,34566,1549,4215,5764
2021-03-04,57523,108848,166371,5711,11830,17541,12423,23502,35925,9670,19879,29549,7429,14895,22324,4650,6247,10897,3481,5153,8634,12579,22990,35569,1580,4352,5932
2021-03-05,58641,111450,170091,5806,12076,17882,12671,24079,36750,9866,20427,30293,7594,15296,22890,4770,6464,11234,3556,5296,8852,12765,23380,36145,1613,4432,6045
2021-03-06,59297,113775,173072,5846,12315,18161,12846,24604,37450,10001,20936,30937,7696,15724,23420,4798,6520,11318,3622,5441,9063,12852,23683,36535,1636,4552,6188
2021-03-07,59945,115841,175786,5881,12506,18387,12992,25094,38086,10148,21392,31540,7818,16085,23903,4833,6564,11397,3690,5573,9263,12927,23934,36861,1656,4693,6349
2021-03-08,61400,119167,180567,5972,12760,18732,13177,25538,38715,10283,21781,32064,7955,16436,24391,4964,6835,11799,3869,5880,9749,13452,24944,38396,1728,4993,6721
2021-03-09,65165,126013,191178,6130,13066,19196,13511,26224,39735,10555,22313,32868,8207,16938,25145,5235,7190,12425,4288,6550,10838,15285,28071,43356,1954,5661,7615
2021-03-10,69212,134734,203946,6342,13584,19926,13899,27348,41247,10893,23423,34316,8555,17932,26487,5459,7524,12983,4692,7196,11888,17170,31392,48562,2202,6335,8537
2021-03-11,74400,147059,221459,6752,14499,21251,14644,29382,44026,11458,25609,37067,9080,19557,28637,5826,8061,13887,5136,7934,13070,19092,35042,54134,2412,6975,9387
2021-03-12,78212,157370,235582,7184,15551,22735,15478,31911,47389,12139,28138,40277,9660,21418,31078,6115,8519,14634,5367,8262,13629,19751,36324,56075,2518,7247,9765
2021-03-13,79707,162473,242180,7378,16336,23714,15898,33413,49311,12517,29540,42057,9958,22381,32339,6205,8648,14853,5397,8341,13738,19819,36499,56318,2535,7315,9850
2021-03-14,80751,166428,247179,7475,16849,24324,16203,34517,50720,12809,30764,43573,10200,23317,33517,6285,8781,15066,5422,8381,13803,19822,36504,56326,2535,7315,9850
2021-03-15,83728,175405,259133,7736,17877,25613,16850,36731,53581,13364,32930,46294,10704,25008,35712,6569,9303,15872,5634,8708,14342,20268,37405,57673,2603,7443,10046
2021-03-16,87657,184860,272517,8004,18721,26725,17462,38512,55974,13928,34651,48579,11164,26436,37600,6903,9902,16805,6011,9279,15290,21472,39603,61075,2713,7756,10469
2021-03-17,91838,194110,285948,8299,19402,27701,18084,40218,58302,14507,36269,50776,11612,27660,39272,7295,10608,17903,6435,9954,16389,22749,41910,64659,2857,8089,10946
2021-03-18,96221,203983,300204,8637,20306,28943,18831,42152,60983,15191,38044,53235,12194,29099,41293,7619,11200,18819,6875,10647,17522,23877,44064,67941,2997,8471,11468
2021-03-19,100391,213904,314295,8995,21305,30300,19614,44222,63836,15967,39917,55884,12826,30600,43426,7873,11586,19459,7177,11158,18335,24790,46112,70902,3149,9004,12153
2021-03-20,102578,218845,321423,9065,21527,30592,19822,44697,64519,16158,40382,56540,13023,31071,44094,8331,12662,20993,7562,11781,19343,25370,47412,72782,3247,9313,12560
2021-03-21,104253,222310,326563,9089,21590,30679,19893,44831,64724,16201,40463,56664,13118,31266,44384,8969,14082,23051,7981,12467,20448,25701,48121,73822,3301,9490,12791
2021-03-22,106344,226797,333141,9255,21889,31144,20206,45524,65730,16445,41041,57486,13351,31910,45261,9545,15528,25073,8450,13151,21601,25778,48239,74017,3314,9515,12829
2021-03-23,109373,233760,343133,9376,22161,31537,20470,46107,66577,16662,41577,58239,13557,32371,45928,9954,16398,26352,8905,13894,22799,26934,50956,77890,3515,10296,13811
2021-03-24,111233,237890,349123,9382,22178,31560,20482,46135,66617,16672,41604,58276,13595,32433,46028,10192,16964,27156,9248,14552,23800,27990,53226,81216,3672,10798,14470
2021-03-25,113344,242192,355536,9513,22478,31991,20743,46697,67440,16919,42044,58963,13756,32755,46511,10286,17120,27406,9554,15013,24567,28780,54880,83660,3793,11205,14998
2021-03-26,114457,244828,359285,9550,22575,32125,20852,46896,67748,16997,42217,59214,13845,32895,46740,10408,17506,27914,9736,15407,25143,29194,55808,85002,3875,11524,15399
2021-03-27,115193,246692,361885,9552,22581,32133,20857,46911,67768,17000,42230,59230,13850,32917,46767,10425,17546,27971,9885,15737,25622,29680,56890,86570,3944,11880,15824
2021-03-28,115902,248576,364478,9554,22585,32139,20860,46918,67778,17001,42240,59241,13858,32930,46788,10455,17585,28040,10026,15996,26022,30113,58034,88147,4035,12288,16323
2021-03-29,118208,254421,372629,9755,23112,32867,21282,48014,69296,17350,43141,60491,14138,33671,47809,10606,17872,28478,10265,16393,26658,30666,59440,90106,4146,12778,16924
2021-03-30,121365,261665,383030,9877,23409,33286,21527,48673,70200,17579,43679,61258,15193,36049,51242,11374,19121,30495,10635,17087,27722,30971,60482,91453,4209,13165,17374
2021-03-31,125531,270186,395717,10108,23938,34046,22021,49915,71936,18012,44762,62774,15430,36549,51979,11536,19341,30877,12681,20259,32940,31433,61779,93212,4310,13643,17953
2021-04-01,130059,277771,407830,10132,23967,34099,22047,49999,72046,18553,45797,64350,15817,37303,53120,11604,19542,31146,15747,24612,40359,31783,62641,94424,4376,13910,18286
2021-04-02,134474,284987,419461,10133,23970,34103,22049,50005,72054,19464,47532,66996,15825,37317,53142,11619,19568,31187,18914,29261,48175,32056,63253,95309,4414,14081,18495
2021-04-03,138224,291071,429295,10134,23978,34112,22052,50009,72061,19473,47539,67012,15833,37324,53157,11628,19579,31207,22493,34902,57395,32163,63545,95708,4448,14195,18643
2021-04-04,139329,292819,432148,10134,23978,34112,22053,50010,72063,19474,47546,67020,15837,37329,53166,11646,19595,31241,23564,36593,60157,32168,63562,95730,4453,14206,18659
2021-04-05,145405,302626,448031,10221,24108,34329,22128,50211,72339,19551,47757,67308,15917,37526,53443,11781,19789,31570,29025,45108,74133,32297,63826,96123,4485,14301,18786
2021-04-06,152250,313652,465902,10325,24257,34582,22253,50441,72694,19621,47909,67530,15980,37649,53629,11894,19972,31866,35134,54657,89791,32514,64313,96827,4529,14454,18983
2021-04-07,159814,325571,485385,10417,24378,34795,22379,50708,73087,19694,48083,67777,16059,37791,53850,12547,20783,33330,41267,64156,105423,32859,65041,97900,4592,14631,19223
2021-04-08,168300,337669,505969,10580,24543,35123,22589,50978,73567,19797,48240,68037,16144,37958,54102,14074,23015,37089,47488,72965,120453,33012,65261,98273,4616,14709,19325
2021-04-09,175651,348954,524605,10708,24792,35500,22814,51366,74180,19919,48498,68417,16234,38144,54378,15416,24872,40288,52754,80839,133593,33159,65595,98754,4647,14848,19495
2021-04-10,178756,353717,532473,10757,24900,35657,22878,51517,74395,19996,48619,68615,16288,38266,54554,16072,25879,41951,54898,84010,138908,33213,65649,98862,4654,14877,19531
2021-04-11,181669,358338,540007,10805,25008,35813,22975,51699,74674,20049,48782,68831,16353,38432,54785,16671,26789,43460,56916,87009,143925,33242,65711,98953,4658,14908,19566
2021-04-12,189786,370865,560651,10936,25251,36187,23156,52051,75207,20165,49010,69175,16462,38627,55089,18283,29095,47378,62770,95933,158703,33332,65910,99242,4682,14988,19670
2021-04-13,197463,382650,580113,11142,25439,36581,23388,52389,75777,20382,49245,69627,16656,38998,55654,20250,32513,52763,67488,102809,170297,33455,66172,99627,4702,15085,19787
2021-04-14,204063,392457,596520,11375,25515,36890,23570,52555,76125,20538,49431,69969,16722,39066,55788,21065,33539,54604,71326,108741,180067,34624,68126,102750,4843,15484,20327
2021-04-15,207347,398168,605515,11511,25561,37072,23671,52595,76266,20617,49455,70072,16764,39112,55876,22360,36356,58716,72855,111229,184084,34707,68321,103028,4862,15539,20401
2021-04-16,211152,403911,615063,11611,25594,37205,23719,52622,76341,20659,49479,70138,16780,39130,55910,22991,37195,60186,75440,115079,190519,35027,69080,104107,4925,15732,20657
2021-04-17,211470,404399,615869,11627,25608,37235,23744,52639,76383,20696,49512,70208,16817,39161,55978,23034,37235,60269,75580,115351,190931,35045,69137,104182,4927,15756,20683
2021-04-18,211618,404561,616179,11643,25614,37257,23766,52655,76421,20726,49545,70271,16860,39190,56050,23043,37252,60295,75595,115368,190963,35054,69166,104220,4931,15771,20702
2021-04-19,215664,410926,626590,11802,25644,37446,23830,52669,76499,20776,49561,70337,16875,39202,56077,23534,37930,61464,78401,119765,198166,35450,70146,105596,4996,16009,21005
2021-04-20,221833,421517,643350,11965,25707,37672,23911,52738,76649,20843,49647,70490,17328,40262,57590,26552,42863,69415,80006,122211,202217,36034,71484,107518,5194,16605,21799
2021-04-21,230245,433611,663856,12049,25753,37802,23960,52783,76743,20890,49692,70582,17413,40477,57890,34309,53799,88108,80336,122835,203171,36081,71611,107692,5207,16661,21868
2021-04-22,240314,447547,687861,12096,25800,37896,23999,52829,76828,20922,49744,70666,17455,40545,58000,43770,66774,110544,80706,123427,204133,36150,71735,107885,5216,16693,21909
2021-04-23,250517,460755,711272,12122,25847,37969,24046,52884,76930,20973,49820,70793,17525,40621,58146,53503,79128,132631,80924,123817,204741,36200,71877,108077,5224,16761,21985
2021-04-24,253433,464272,717705,12127,25856,37983,24051,52892,76943,20988,49836,70824,17543,40643,58186,56122,82319,138441,81139,124005,205144,36229,71940,108169,5234,16781,22015
2021-04-25,253514,464396,717910,12129,25858,37987,24055,52895,76950,20993,49848,70841,17552,40650,58202,56179,82398,138577,81141,124014,205155,36229,71948,108177,5236,16785,22021
2021-04-26,255020,466779,721799,12143,25863,38006,24067,52909,76976,21002,49858,70860,17557,40666,58223,57496,84412,141908,81269,124236,205505,36244,72024,108268,5242,16811,22053
2021-04-27,256405,469635,726040,12219,25935,38154,24116,53001,77117,21045,49925,70970,17590,40724,58314,58398,86080,144478,81500,124957,206457,36289,72165,108454,5248,16848,22096
2021-04-28,263475,485681,749156,12943,27771,40714,25667,57313,82980,22333,53778,76111,18606,43681,62287,60645,88715,149360,81704,125279,206983,36323,72261,108584,5254,16883,22137
2021-04-29,270017,498845,768862,13397,29094,42491,26744,60512,87256,23367,56773,80140,19469,46044,65513,63384,91392,154776,82001,125654,207655,36381,72427,108808,5274,16949,22223
2021-04-30,271348,500832,772180,13468,29219,42687,26841,60689,87530,23416,56867,80283,19502,46118,65620,64217,92505,156722,82202,125935,208137,36417,72508,108925,5285,16991,22276
2021-05-01,271884,501906,773790,13480,29250,42730,26899,60792,87691,23439,56926,80365,19525,46160,65685,64528,93098,157626,82293,126093,208386,36433,72567,109000,5287,17020,22307
2021-05-02,276186,511751,787937,13788,30192,43980,27713,62964,90677,24251,59001,83252,20166,47785,67951,65021,94148,159169,83484,127934,211418,36470,72666,109136,5293,17061,22354
2021-05-03,284393,523300,807693,13844,30297,44141,27816,63129,90945,24303,59090,83393,20989,48946,69935,69915,100646,170561,85664,131221,216885,36552,72850,109402,5310,17121,22431
2021-05-04,295956,537588,833544,13936,30421,44357,27911,63306,91217,24348,59189,83537,22967,51415,74382,78945,111631,190576,85931,131536,217467,36595,72928,109523,5323,17162,22485
2021-05-05,306607,552916,859523,14058,30609,44667,28122,63497,91619,24578,59326,83904,23541,52082,75623,82060,116261,198321,92026,140276,232302,36862,73553,110415,5360,17312,22672
2021-05-06,310229,558279,868508,14168,30709,44877,28277,63613,91890,24777,59382,84159,23964,52508,76472,83716,118993,202709,93017,142060,235077,36930,73666,110596,5380,17348,22728
2021-05-07,318195,571380,889575,14304,30997,45301,28504,64131,92635,24973,59767,84740,24222,53015,77237,85100,121806,206906,98643,150331,248974,37045,73897,110942,5404,17436,22840
2021-05-08,320586,586684,907270,14486,32611,47097,28974,67632,96606,25478,64372,89850,24787,56654,81441,85677,123596,209273,98711,150424,249135,37059,73937,110996,5414,17458,22872
2021-05-09,320724,586907,907631,14486,32611,47097,28974,67632,96606,25479,64372,89851,24809,56666,81475,85748,123674,209422,98725,150445,249170,37081,74002,111083,5422,17505,22927
2021-05-10,321553,589421,910974,14512,32653,47165,29005,67685,96690,25506,64416,89922,24958,56917,81875,86065,125093,211158,98923,150907,249830,37146,74172,111318,5438,17578,23016
2021-05-11,324847,593354,918201,14533,32689,47222,29036,67746,96782,25539,64471,90010,25587,57662,83249,88463,127781,216244,99054,151094,250148,37183,74275,111458,5452,17636,23088
2021-05-12,328414,597772,926186,14568,32722,47290,29082,67808,96890,25582,64534,90116,26270,58458,84728,90951,130576,221527,99224,151470,250694,37269,74479,111748,5468,17725,23193
2021-05-13,331312,603175,934487,14625,32829,47454,29177,68043,97220,25661,64695,90356,26449,58774,85223,91838,132288,224126,100720,153988,254708,37356,74730,112086,5486,17828,23314
2021-05-14,332649,606237,938886,14680,32928,47608,29269,68232,97501,25736,64832,90568,26618,59011,85629,92426,133760,226186,101006,154646,255652,37410,74911,112321,5504,17917,23421
2021-05-15,339064,611410,950474,14700,32971,47671,29307,68299,97606,25767,64881,90648,27815,60216,88031,97420,137219,234639,101102,154820,255922,37440,75033,112473,5513,17971,23484
2021-05-16,339937,613718,953655,14758,33163,47921,29515,69000,98515,26020,65591,91611,27992,60617,88609,97549,137374,234923,101127,154862,255989,37453,75107,112560,5523,18004,23527
2021-05-17,344215,618057,962272,14810,33253,48063,29688,69421,99109,26126,65882,92008,28832,61398,90230,100369,139574,239943,101357,155246,256603,37494,75219,112713,5539,18064,23603
2021-05-18,348785,621971,970756,14839,33306,48145,29751,69497,99248,26189,65964,92153,29694,62244,91938,103785,142090,245875,101457,155445,256902,37522,75315,112837,5548,18110,23658
2021-05-19,352238,625314,977552,14880,33407,48287,29862,69712,99574,26234,66081,92315,30326,62883,93209,106230,143905,250135,101591,155768,257359,37557,75407,112964,5558,18151,23709
2021-05-20,362812,637271,1000083,14952,33552,48504,30012,69951,99963,26322,66261,92583,33252,66198,99450,112821,150409,263230,102167,156794,258961,37703,75847,113550,5583,18259,23842
2021-05-21,364961,641664,1006625,15057,33812,48869,30201,70498,100699,26429,66661,93090,33349,66545,99894,113270,151242,264512,103286,158588,261874,37778,76005,113783,5591,18313,23904
2021-05-22,366485,643791,1010276,15109,33888,48997,30243,70560,100803,26452,66724,93176,33557,66806,100363,114238,152475,266713,103481,158930,262411,37809,76075,113884,5596,18333,23929
2021-05-23,368858,646153,1015011,15133,33934,49067,30270,70627,100897,26476,66765,93241,34564,67895,102459,115423,153358,268781,103561,159084,262645,37828,76140,113968,5603,18350,23953
2021-05-24,369551,647725,1017276,15170,34016,49186,30336,70760,101096,26514,66866,93380,34788,68134,102922,115695,154238,269933,103612,159188,262800,37833,76165,113998,5603,18358,23961
2021-05-25,374160,656216,1030376,15180,34038,49218,30342,70776,101118,26516,66883,93399,34967,68306,103273,115973,154980,270953,104091,160024,264115,41082,81874,122956,6009,19335,25344
2021-05-26,376432,659619,1036051,15214,34087,49301,30384,70857,101241,26551,66954,93505,36039,69268,105307,116172,155315,271487,104258,160339,264597,41701,83187,124888,6113,19612,25725
2021-05-27,385767,674626,1060393,15275,34204,49479,30480,71021,101501,26645,67117,93762,38720,71723,110443,116455,155524,271979,104948,161532,266480,46536,92287,138823,6708,21218,27926
2021-05-28,396289,689483,1085772,15382,34360,49742,30654,71265,101919,26937,67387,94324,44513,78499,123012,116685,155764,272449,105468,162347,267815,49563,97639,147202,7087,22222,29309
2021-05-29,405254,697823,1103077,15386,34368,49754,30664,71277,101941,27567,67860,95427,52272,85425,137697,116874,155993,272867,105544,162477,268021,49826,98125,147951,7121,22298,29419
2021-05-30,413569,705379,1118948,15393,34377,49770,30671,71284,101955,29343,69401,98744,58653,91262,149915,116958,156071,273029,105567,162505,268072,49857,98170,148027,7127,22309,29436
2021-05-31,425115,720739,1145854,15488,34555,50043,30835,71568,102403,35695,75456,111151,62054,96782,158836,117571,156941,274512,105755,162871,268626,50490,99873,150363,7227,22693,29920
2021-06-01,436229,733333,1169562,15681,34810,50491,31434,71982,103416,42754,82830,125584,64239,99300,163539,117687,157113,274800,105917,163149,269066,51225,101169,152394,7292,22980,30272
2021-06-02,445278,746182,1191460,16296,35459,51755,33137,74582,107719,46764,88118,134882,66264,101898,168162,117850,157339,275189,106045,163364,269409,51559,102120,153679,7363,23302,30665
2021-06-03,457936,765660,1223596,19316,40492,59808,38368,82547,120915,50029,92521,142550,66840,102745,169585,118002,157546,275548,106135,163554,269689,51833,102757,154590,7413,23498,30911
2021-06-04,471165,781930,1253095,22281,44079,66360,43138,87291,130429,52981,96735,149716,67855,104138,171993,119057,158712,277769,106437,164084,270521,51967,103247,155214,7449,23644,31093
2021-06-05,482074,792177,1274251,24948,46454,71402,47919,91220,139139,54821,98462,153283,68537,104833,173370,119710,159449,279159,106584,164367,270951,52074,103609,155683,7481,23783,31264
2021-06-06,490475,801970,1292445,27989,50482,78471,51713,95315,147028,55742,99194,154936,68960,105209,174169,119786,159530,279316,106641,164497,271138,52141,103817,155958,7503,23926,31429
2021-06-07,504106,816132,1320238,31072,53836,84908,55015,98063,153078,59033,102335,161368,72292,109101,181393,120167,159931,280098,106763,164718,271481,52228,104080,156308,7536,24068,31604
2021-06-08,516745,833160,1349905,32080,55323,87403,56372,100103,156475,60507,104387,164894,80373,119039,199412,120314,160128,280442,106955,165046,272001,52551,104799,157350,7593,24335,31928
2021-06-09,529337,846300,1375637,32416,55660,88076,57022,100774,157796,61213,104946,166159,91078,130142,221220,120408,160257,280665,107010,165133,272143,52583,104944,157527,7607,24444,32051
2021-06-10,543609,861250,1404859,33180,56522,89702,58075,101984,160059,63131,106953,170084,101179,140235,241414,120699,160630,281329,107096,165288,272384,52623,105106,157729,7626,24532,32158
2021-06-11,553373,877069,1430442,33379,56758,90137,58544,102291,160835,63879,107613,171492,102561,141730,244291,120835,160871,281706,108024,166744,274768,57983,114942,172925,8168,26120,34288
2021-06-12,559704,884921,1444625,33817,57352,91169,59154,103087,162241,65232,109167,174399,105648,144757,250405,120883,160954,281837,108169,167037,275206,58553,116124,174677,8248,26443,34691
2021-06-13,563814,889318,1453132,34019,57607,91626,59437,103416,162853,66140,110130,176270,108284,147480,255764,120920,160994,281914,108181,167056,275237,58579,116183,174762,8254,26452,34706
2021-06-14,569910,896001,1465911,34767,58462,93229,60468,104485,164953,67490,111480,178970,110943,150300,261243,120968,161061,282029,108221,167151,275372,58775,116521,175296,8278,26541,34819
2021-06-15,583862,909666,1493528,34886,58641,93527,60672,104771,165443,67923,111935,179858,123481,161914,285395,121184,161284,282468,108364,167459,275823,59035,117003,176038,8317,26659,34976
2021-06-16,591465,919917,1511382,35308,59271,94579,61507,105826,167333,69714,114046,183760,125533,164157,289690,121344,161501,282845,110257,170219,280476,59412,117923,177335,8390,26974,35364
2021-06-17,603026,934198,1537224,35504,59557,95061,61945,106266,168211,72698,117272,189970,129722,168458,298180,121872,162184,284056,113011,174278,287289,59805,118878,178683,8469,27305,35774
2021-06-18,617466,949404,1566870,36166,60383,96549,63011,107383,170394,81120,125297,206417,132933,171748,304681,122274,162728,285002,113500,175074,288574,59964,119316,179280,8498,27475,35973
2021-06-19,628090,960974,1589064,36379,60684,97063,63158,107632,170790,89417,133738,223155,134398,173182,307580,122526,163011,285537,113603,175289,288892,60079,119735,179814,8530,27703,36233
2021-06-20,628095,960979,1589074,36379,60686,97065,63160,107632,170792,89418,133740,223158,134399,173182,307581,122526,163012,285538,113604,175289,288893,60079,119735,179814,8530,27703,36233
2021-06-21,634119,967098,1601217,36403,60709,97112,63200,107689,170889,94476,138750,233226,135051,173805,308856,122682,163200,285882,113672,175381,289053,60099,119824,179923,8536,27740,36276
2021-06-22,639220,972292,1611512,36557,60966,97523,63414,107972,171386,96825,140968,237793,136783,175309,312092,123127,163686,286813,113819,175592,289411,60141,119979,180120,8554,27820,36374
2021-06-23,648820,981910,1630730,36696,61206,97902,63603,108334,171937,104716,148526,253242,137888,176235,314123,123268,163909,287177,113886,175710,289596,60195,120110,180305,8568,27880,36448
2021-06-24,664236,1001378,1665614,36902,61615,98517,64246,112509,176755,117807,161547,279354,138968,177422,316390,123500,164224,287724,114013,175925,289938,60227,120217,180444,8573,27919,36492
2021-06-25,677140,1020163,1697303,37304,62802,100106,64966,115553,180519,122644,166485,289129,139936,178537,318473,128077,170435,298512,115185,177571,292756,60419,120722,181141,8609,28058,36667
2021-06-26,686457,1032177,1718634,37342,62844,100186,65005,115606,180611,123488,167324,290812,140501,179236,319737,134927,179158,314085,115979,178786,294765,60578,121064,181642,8637,28159,36796
2021-06-27,694613,1041186,1735799,37406,62952,100358,65083,115748,180831,127015,170921,297936,143286,182051,325337,135975,180389,316364,116528,179613,296141,60665,121305,181970,8655,28207,36862
2021-06-28,711912,1060920,1772832,38104,64622,102726,65692,118167,183859,140854,183827,324681,144544,183335,327879,136674,181403,318077,116673,179872,296545,60705,121414,182119,8666,28280,36946
2021-06-29,730179,1079594,1809773,38305,64977,103282,66150,118990,185140,156627,198749,355376,145300,184123,329423,137387,182450,319837,116916,180294,297210,60814,121648,182462,8680,28363,37043
2021-06-30,749767,1098904,1848671,38464,65180,103644,71309,123898,195207,168900,210416,379316,145979,184780,330759,138554,183975,322529,117021,180484,297505,60850,121742,182592,8690,28429,37119
2021-07-01,762530,1112309,1874839,38575,65404,103979,76123,128661,204784,174451,215654,390105,146938,185837,332775,139360,185075,324435,117378,181059,298437,60989,122070,183059,8716,28549,37265
2021-07-02,772397,1130605,1903002,39163,66594,105757,78475,132428,210903,175974,217395,393369,147291,186360,333651,140186,186459,326645,118027,182263,300290,64090,128942,193032,9191,30164,39355
2021-07-03,783339,1142923,1926262,39186,66637,105823,84528,137756,222284,178531,220123,398654,147792,186934,334726,140599,186998,327597,118365,182892,301257,65019,130919,195938,9319,30664,39983
2021-07-04,793777,1153257,1947034,39701,67481,107182,93726,146208,239934,178938,220592,399530,147925,187058,334983,140688,187128,327816,118422,182972,301394,65047,131072,196119,9330,30746,40076
2021-07-05,798840,1158757,1957597,39968,67887,107855,97257,149217,246474,179186,220878,400064,148063,187188,335251,141007,187590,328597,118660,183380,302040,65326,131679,197005,9373,30938,40311
2021-07-06,811856,1170927,1982783,40392,68553,108945,108881,159067,267948,179458,221206,400664,148252,187432,335684,141189,187802,328991,118763,183598,302361,65512,132171,197683,9409,31098,40507
2021-07-07,817518,1177213,1994731,40552,68707,109259,112827,162645,275472,180135,222131,402266,148506,187830,336336,141336,188021,329357,118914,183907,302821,65793,132719,198512,9455,31253,40708
2021-07-08,836358,1193519,2029877,40922,69240,110162,127877,174957,302834,182426,224199,406625,149222,188564,337786,141618,188381,329999,118984,184034,303018,65839,132851,198690,9470,31293,40763
2021-07-09,849215,1206553,2055768,41598,69966,111564,136568,183194,319762,184643,226398,411041,150062,189401,339463,141886,188798,330684,119123,184555,303678,65861,132928,198789,9474,31313,40787
2021-07-10,860009,1218019,2078028,43058,71728,114786,144532,191023,335555,185026,226829,411855,150241,189633,339874,142351,189346,331697,119378,184978,304356,65938,133120,199058,9485,31362,40847
2021-07-11,862162,1221678,2083840,43316,72091,115407,145599,192312,337911,185187,227211,412398,150313,189834,340147,142375,189386,331761,119490,185184,304674,66344,134081,200425,9538,31579,41117
2021-07-12,880128,1237673,2117801,46365,75038,121403,159579,204062,363641,185628,227744,413372,150544,190107,340651,142482,189557,332039,119550,185311,304861,66425,134228,200653,9555,31626,41181
2021-07-13,890444,1246445,2136889,48148,76672,124820,166931,210054,376985,186378,228375,414753,150817,190379,341196,142580,189660,332240,119590,185376,304966,66439,134273,200712,9561,31656,41217
2021-07-14,893919,1249754,2143673,48783,77389,126172,169211,211958,381169,186684,228743,415427,150978,190544,341522,142636,189723,332359,119606,185423,305029,66454,134299,200753,9567,31675,41242
2021-07-15,907905,1269381,2177286,49205,78096,127301,170493,214321,384814,193557,235799,429356,152179,192899,345078,143349,190865,334214,122174,189198,311372,67259,136071,203330,9689,32132,41821
2021-07-16,921733,1289101,2210834,49545,78517,128062,171510,217303,388813,200823,243852,444675,152675,193576,346251,143501,191062,334563,126255,195244,321499,67664,137134,204798,9760,32413,42173
2021-07-17,933916,1302529,2236445,50946,80262,131208,176641,222691,399332,205079,248317,453396,153452,194425,347877,143747,191325,335072,126548,195748,322296,67728,137304,205032,9775,32457,42232
2021-07-18,945111,1314493,2259604,53940,84050,137990,179538,225325,404863,208693,251934,460627,154889,195880,350769,143914,191559,335473,126612,195886,322498,67747,137381,205128,9778,32478,42256
2021-07-19,961732,1332424,2294156,56626,87346,143972,180997,227881,408878,219535,261939,481474,155988,196978,352966,144115,191782,335897,126744,196097,322841,67901,137805,205706,9826,32596,42422
2021-07-20,980198,1352079,2332277,64059,95825,159884,183519,230773,414292,226878,268670,495548,156708,197748,354456,144307,192018,336325,126899,196393,323292,67984,137997,205981,9844,32655,42499
2021-07-21,998808,1370923,2369731,78017,109873,187890,186841,234081,420922,227565,269388,496953,157041,198069,355110,144460,192169,336629,127025,196618,323643,68008,138046,206054,9851,32679,42530
2021-07-22,1017836,1388374,2406210,91018,121515,212533,190926,237681,428607,228736,270550,499286,157543,198679,356222,144623,192399,337022,127093,196712,323805,68037,138123,206160,9860,32715,42575
2021-07-23,1033353,1405940,2439293,96976,128645,225621,193731,240575,434306,234393,276592,510985,158330,199626,357956,144822,192699,337521,127171,196844,324015,68067,138209,206276,9863,32750,42613
2021-07-24,1047606,1420553,2468159,97713,129620,227333,194220,241030,435250,240059,282052,522111,165259,206706,371965,145079,193015,338094,127263,196964,324227,68144,138366,206510,9869,32800,42669
2021-07-25,1059202,1434402,2493604,104617,138715,243332,197145,243799,440944,240959,283085,524044,165880,207328,373208,145272,193222,338494,127297,197021,324318,68159,138406,206565,9873,32826,42699
2021-07-26,1076765,1456251,2533016,110163,145714,255877,201577,249490,451067,245542,288489,534031,168298,210064,378362,145640,193730,339370,127443,197332,324775,68221,138553,206774,9881,32879,42760
2021-07-27,1092004,1475051,2567055,117241,153993,271234,204557,253329,457886,248344,292092,540436,169538,211541,381079,146441,194623,341064,127677,197731,325408,68306,138796,207102,9900,32946,42846
2021-07-28,1109783,1495515,2605298,132514,171152,303666,205833,254818,460651,249071,293119,542190,169852,212007,381859,146569,194795,341364,127711,197814,325525,68324,138843,207167,9909,32967,42876
2021-07-29,1128787,1513739,2642526,147700,185399,333099,207841,256698,464539,250140,294347,544487,170337,212534,382871,146736,194973,341709,127776,197890,325666,68341,138894,207235,9916,33004,42920
2021-07-30,1145371,1530112,2675483,153491,190737,344228,213904,262581,476485,253502,297808,551310,171379,213699,385078,146966,195257,342223,127834,198033,325867,68375,138951,207326,9920,33046,42966
2021-07-31,1159855,1541331,2701186,155115,192455,347570,221586,269212,490798,257780,299826,557606,172009,214192,386201,147161,195447,342608,127883,198111,325994,68395,139012,207407,9926,33076,43002
2021-08-01,1166215,1549101,2715316,156542,194350,350892,224410,272708,497118,259159,301256,560415,172489,214738,387227,147345,195681,343026,127930,198206,326136,68411,139061,207472,9929,33101,43030
2021-08-02,1184833,1567174,2752007,159501,197690,357191,235552,282573,518125,262739,304961,567700,173175,215489,388664,147517,195913,343430,127987,198310,326297,68427,139117,207544,9935,33121,43056
2021-08-03,1201265,1582528,2783793,167547,205015,372562,238522,285264,523786,265317,307152,572469,175648,218192,393840,147805,196188,343993,128042,198399,326441,68442,139173,207615,9942,33145,43087
2021-08-04,1214214,1597771,2811985,169528,207568,377096,241258,288126,529384,266930,309162,576092,181990,225613,407603,147991,196424,344415,128110,198495,326605,68462,139220,207682,9945,33163,43108
2021-08-05,1223373,1606713,2830086,173234,211049,384283,244861,291518,536379,268196,310447,578643,182412,226109,408521,148115,196578,344693,128137,198581,326718,68472,139250,207722,9946,33181,43127
2021-08-06,1227822,1612083,2839905,173902,211834,385736,245726,292300,538026,268563,310796,579359,182619,226356,408975,149227,198051,347278,129336,200242,329578,68499,139307,207806,9950,33197,43147
2021-08-07,1238068,1626512,2864580,174995,212731,387726,245785,292366,538151,268607,310860,579467,182678,226415,409093,150530,199927,350457,136920,211486,348406,68588,139484,208072,9965,33243,43208
2021-08-08,1247164,1639472,2886636,175003,212747,387750,245796,292383,538179,268617,310875,579492,182706,226476,409182,155826,207176,363002,140536,216839,357375,68697,139695,208392,9983,33281,43264
2021-08-09,1261441,1659146,2920587,175139,212905,388044,246008,292598,538606,268789,311110,579899,183750,228006,411756,166437,221766,388203,142533,219522,362055,68790,139913,208703,9995,33326,43321
2021-08-10,1275815,1678163,2953978,175491,213324,388815,246504,293122,539626,269970,311946,581916,185100,229809,414909,173724,231584,405308,146101,224841,370942,68910,140156,209066,10015,33381,43396
2021-08-11,1290836,1694808,2985644,176815,214441,391256,246792,293569,540361,270274,312373,582647,187528,232437,419965,182570,240676,423246,147789,227490,375279,69037,140386,209423,10031,33436,43467
2021-08-12,1300497,1707747,3008244,177197,214872,392069,247047,293856,540903,270503,312648,583151,189337,234710,424047,186303,244993,431296,150897,232483,383380,69157,140681,209838,10056,33504,43560
2021-08-13,1313599,1725951,3039550,177314,215001,392315,247234,294038,541272,270650,312841,583491,189712,235160,424872,191915,251977,443892,157214,241843,399057,69456,141406,210862,10104,33685,43789
2021-08-14,1322023,1738665,3060688,177401,215133,392534,247383,294254,541637,270810,313151,583961,191310,237339,428649,197460,260156,457616,157998,243236,401234,69539,141650,211189,10122,33746,43868
2021-08-15,1333667,1751281,3084948,177866,215689,393555,248178,295219,543397,272223,314571,586794,198047,244367,442414,199162,261786,460948,158435,243993,402428,69616,141842,211458,10140,33814,43954
2021-08-16,1343055,1763186,3106241,179283,217273,396556,249315,296471,545786,274730,317505,592235,199959,246720,446679,200263,263201,463464,159589,245914,405503,69747,142194,211941,10169,33908,44077
2021-08-17,1359219,1777207,3136426,186838,223915,410753,255566,301930,557496,276107,318719,594826,200750,247137,447887,200401,263379,463780,159622,245979,405601,69761,142234,211995,10174,33914,44088
2021-08-18,1370693,1789549,3160242,191694,228511,420205,256980,303682,560662,277304,320093,597397,202507,249012,451519,202105,265090,467195,160093,246808,406901,69827,142396,212223,10183,33957,44140
2021-08-19,1376697,1795779,3172476,194111,230806,424917,257791,304479,562270,277778,320676,598454,203954,250407,454361,202690,265745,468435,160323,247215,407538,69862,142473,212335,10188,33978,44166
2021-08-20,1389951,1808137,3198088,196609,233370,429979,259311,305631,564942,278991,321676,600667,211683,257586,469269,202894,265993,468887,160391,247366,407757,69881,142525,212406,10191,33990,44181
2021-08-21,1399322,1820293,3219615,198196,235487,433683,261572,308973,570545,281186,324614,605800,214523,260680,475203,203270,266414,469684,160478,247521,407999,69901,142592,212493,10196,34012,44208
2021-08-22,1409233,1831504,3240737,199733,237431,437164,266819,314460,581279,282922,326722,609644,215483,261796,477279,203617,266831,470448,160546,247629,408175,69915,142621,212536,10198,34014,44212
2021-08-23,1426563,1847203,3273766,207088,244366,451454,274536,320757,595293,284239,328063,612302,216158,262515,478673,203823,267082,470905,160592,247729,408321,69928,142659,212587,10199,34032,44231
2021-08-24,1439026,1860414,3299440,216079,253612,469691,276451,322561,599012,285040,329013,614053,216699,263277,479976,203991,267357,471348,160628,247839,408467,69935,142705,212640,10203,34050,44253
2021-08-25,1454762,1876228,3330990,218440,256019,474459,277624,324100,601724,291808,335414,627222,221589,268017,489606,204398,267823,472221,160731,247990,408721,69964,142786,212750,10208,34079,44287
2021-08-26,1469923,1893915,3363838,220348,258503,478851,278550,325411,603961,292390,336248,628638,225332,271697,497029,211114,274711,485825,161844,249942,411786,70104,143213,213317,10241,34190,44431
2021-08-27,1488396,1911988,3400384,231283,269320,500603,281944,328169,610113,293398,337280,630678,227767,274218,501985,211666,275368,487034,161960,250134,412094,70132,143283,213415,10246,34216,44462
2021-08-28,1499487,1925322,3424809,239476,279807,519283,283598,329615,613213,294177,337999,632176,228102,274662,502764,211750,275481,487231,161996,250224,412220,70140,143312,213452,10248,34222,44470
2021-08-29,1510978,1938164,3449142,240449,281074,521523,284151,330326,614477,296204,340111,636315,235545,282696,518241,212072,275896,487968,162117,250456,412573,70187,143370,213557,10253,34235,44488
2021-08-30,1527013,1954965,3481978,244487,284758,529245,286521,332637,619158,299386,343092,642478,239455,286657,526112,213728,278020,491748,162867,251759,414626,70303,143716,214019,10266,34326,44592
2021-08-31,1542694,1972378,3515072,255645,297479,553124,288548,334495,623043,300980,344749,645729,240095,287382,527477,213902,278282,492184,162933,251873,414806,70320,143772,214092,10271,34346,44617
2021-09-01,1558752,1989514,3548266,270103,311864,581967,289155,335152,624307,301363,345263,646626,240365,287855,528220,214138,279020,493158,163022,252161,415183,70334,143842,214176,10272,34357,44629
2021-09-02,1574726,2008586,3583312,279824,321592,601416,290697,337523,628220,304020,349119,653139,241880,290180,532060,214500,279519,494019,163176,252376,415552,70354,143911,214265,10275,34366,44641
2021-09-03,1589430,2025817,3615247,285916,327729,613645,292334,339269,631603,308356,354880,663236,243500,292331,535831,215324,280574,495898,163338,252660,415998,70384,143984,214368,10278,34390,44668
2021-09-04,1601587,2037876,3639463,289211,331037,620248,295775,342451,638226,313089,359647,672736,244028,292863,536891,215439,280738,496177,163376,252730,416106,70390,144016,214406,10279,34394,44673
2021-09-05,1613851,2050011,3663862,290471,332376,622847,298197,344757,642954,320741,367170,687911,244791,293595,538386,215562,280912,496474,163414,252768,416182,70395,144033,214428,10280,34400,44680
2021-09-06,1630141,2066021,3696162,292063,333873,625936,298862,345508,644370,331618,377945,709563,247408,295853,543261,215979,281420,497399,163508,252914,416422,70415,144095,214510,10288,34413,44701
2021-09-07,1648336,2086233,3734569,293028,335246,628274,300542,348033,648575,339755,385577,725332,251072,299680,550752,218942,284871,503813,164171,253945,418116,70512,144401,214913,10314,34480,44794
2021-09-08,1658850,2096796,3755646,295532,337445,632977,303227,350551,653778,342785,388721,731506,252537,301277,553814,219564,285537,505101,164338,254223,418561,70548,144523,215071,10319,34519,44838
2021-09-09,1674041,2111815,3785856,297993,340055,638048,312441,358975,671416,344965,391101,736066,253595,302446,556041,219778,285800,505578,164386,254317,418703,70561,144590,215151,10322,34531,44853
2021-09-10,1679089,2117250,3796339,300270,342230,642500,313224,359935,673159,345352,391527,736879,254789,303755,558544,220108,286204,506312,164445,254438,418883,70577,144626,215203,10324,34535,44859
2021-09-11,1682482,2120513,3802995,300954,342913,643867,314883,361332,676215,345610,391824,737434,255477,304512,559989,220182,286283,506465,164473,254470,418943,70579,144641,215220,10324,34538,44862
2021-09-12,1683344,2121491,3804835,301171,343194,644365,315228,361666,676894,345796,392040,737836,255568,304624,560192,220200,286303,506503,164478,254482,418960,70579,144643,215222,10324,34539,44863
2021-09-13,1690740,2128761,3819501,305534,347711,653245,317867,363977,681844,346002,392264,738266,255684,304746,560430,220239,286340,506579,164496,254505,419001,70588,144668,215256,10330,34550,44880
2021-09-14,1697217,2136348,3833565,306022,348307,654329,318280,364445,682725,346392,392713,739105,259937,309268,569205,220990,287587,508577,164650,254723,419373,70613,144733,215346,10333,34572,44905
2021-09-15,1714809,2156290,3871099,307159,349889,657048,319923,366755,686678,349786,396578,746364,268644,318116,586760,223379,290337,513716,164883,255133,420016,70684,144871,215555,10351,34611,44962
2021-09-16,1731458,2175270,3906728,309547,353291,662838,329518,376874,706392,352191,399165,751356,270004,319791,589795,224104,291168,515272,165014,255382,420396,70721,144965,215686,10359,34634,44993
2021-09-17,1745468,2189493,3934961,317978,361872,679850,332661,379796,712457,353495,400498,753993,270801,320664,591465,224335,291469,515804,165092,255509,420601,70742,145032,215774,10364,34653,45017
2021-09-18,1757684,2202678,3960362,326587,370849,697436,334782,381999,716781,354406,401637,756043,271252,321265,592517,224431,291641,516072,165110,255569,420679,70750,145060,215810,10366,34658,45024
2021-09-19,1766864,2212014,3978878,331891,375933,707824,336909,384143,721052,355441,402781,758222,271765,321825,593590,224561,291830,516391,165163,255705,420868,70767,145123,215890,10367,34674,45041
2021-09-20,1774071,2218942,3993013,335340,379251,714591,339116,386012,725128,356297,403693,759990,272195,322277,594472,224736,292034,516770,165240,255830,421070,70777,145163,215940,10370,34682,45052
2021-09-21,1786450,2230474,4016924,345373,388545,733918,340467,387095,727562,356849,404237,761086,272486,322625,595111,224843,292202,517045,165271,255891,421162,70788,145186,215974,10373,34693,45066
2021-09-22,1795100,2238311,4033411,350931,393423,744354,342474,388728,731202,357428,404836,762264,272779,322988,595767,224975,292371,517346,165332,256018,421350,70804,145232,216036,10377,34715,45092
2021-09-23,1800928,2244273,4045201,354889,397496,752385,343551,389694,733245,357878,405300,763178,273013,323257,596270,225032,292468,517500,165373,256074,421447,70815,145261,216076,10377,34723,45100
2021-09-24,1806690,2250197,4056887,357858,400545,758403,344781,390922,735703,358861,406237,765098,273440,323699,597139,225134,292612,517746,165412,256144,421556,70825,145299,216124,10379,34739,45118
2021-09-25,1810368,2253266,4063634,358986,401478,760464,346107,391762,737869,359434,406848,766282,273940,324234,598174,225258,292720,517978,165430,256171,421601,70833,145310,216143,10380,34743,45123
2021-09-26,1822652,2264505,4087157,359667,402242,761909,347728,393426,741154,364503,411295,775798,278469,328052,606521,225575,293091,518666,165483,256278,421761,70845,145368,216213,10382,34753,45135
2021-09-27,1834592,2275532,4110124,361545,404484,766029,353173,398175,751348,367678,413954,781632,279654,329019,608673,225763,293338,519101,165529,256365,421894,70867,145424,216291,10383,34773,45156
2021-09-28,1848682,2289538,4138220,362557,405447,768004,362890,406447,769337,368929,415376,784305,280454,329965,610419,226318,294110,520428,166130,257488,423618,71005,145833,216838,10399,34872,45271
2021-09-29,1857448,2298154,4155602,365127,408213,773340,367314,410253,777567,369803,416256,786059,281000,330526,611526,226522,294356,520878,166243,257713,423956,71040,145937,216977,10399,34900,45299
2021-09-30,1866021,2308051,4174072,370489,413979,784468,368431,411631,780062,370862,417227,788089,281737,331599,613336,226749,294832,521581,166299,257874,424173,71054,145999,217053,10400,34910,45310
2021-10-01,1871698,2313655,4185353,373412,416998,790410,369686,412866,782552,371716,417938,789654,282229,332020,614249,226868,294959,521827,166328,257930,424258,71059,146028,217087,10400,34916,45316
2021-10-02,1874555,2316455,4191010,374596,418217,792813,370526,413587,784113,372204,418409,790613,282471,332233,614704,226941,295053,521994,166348,257979,424327,71068,146054,217122,10401,34923,45324
2021-10-03,1877750,2319233,4196983,376108,419538,795646,371536,414334,785870,372613,418763,791376,282628,332412,615040,227021,295160,522181,166367,258024,424391,71075,146075,217150,10402,34927,45329
2021-10-04,1883478,2324721,4208199,378610,421869,800479,373395,415906,789301,373341,419481,792822,283036,332872,615908,227182,295416,522598,166420,258120,424540,71088,146116,217204,10406,34941,45347
2021-10-05,1886906,2328073,4214979,379996,423293,803289,374348,416727,791075,373930,420041,793971,283393,333245,616638,227291,295524,522815,166443,258154,424597,71096,146140,217236,10409,34949,45358
2021-10-06,1894090,2335419,4229509,385576,429102,814678,375085,417349,792434,374400,420484,794884,283654,333526,617180,227382,295633,523015,166474,258195,424669,71107,146168,217275,10412,34962,45374
2021-10-07,1897160,2338440,4235600,386896,430261,817157,375937,418136,794073,374812,420922,795734,283981,333908,617889,227506,295797,523303,166501,258252,424753,71110,146193,217303,10417,34971,45388
2021-10-08,1907820,2348891,4256711,387556,431177,818733,382103,423603,805706,376021,422227,798248,285369,335379,620748,228676,296952,525628,166550,258342,424892,71127,146234,217361,10418,34977,45395
2021-10-09,1917637,2358538,4276175,388173,431923,820096,386585,427565,814150,377251,423468,800719,287639,337729,625368,229840,298167,528007,166592,258434,425026,71139,146268,217407,10418,34984,45402
2021-10-10,1924634,2365696,4290330,388612,432544,821156,390164,430876,821040,378036,424356,802392,288974,339085,628059,230663,299058,529721,166617,258495,425112,71149,146292,217441,10419,34990,45409
2021-10-11,1929254,2370216,4299470,391188,434953,826141,391236,431914,823150,378604,424885,803489,289249,339394,628643,230747,299180,529927,166652,258562,425214,71159,146334,217493,10419,34994,45413
2021-10-12,1940185,2380448,4320633,397979,441045,839024,392626,433229,825855,379893,426218,806111,290192,340343,630535,231181,299601,530782,166721,258649,425370,71173,146362,217535,10420,35001,45421
2021-10-13,1956748,2397920,4354668,413136,456883,870019,393065,433701,826766,380330,426684,807014,290544,340780,631324,231325,299780,531105,166740,258686,425426,71185,146388,217573,10423,35018,45441
2021-10-14,1969880,2410951,4380831,422869,466334,889203,394786,435410,830196,381209,427578,808787,291069,341394,632463,231522,300007,531529,166797,258765,425562,71201,146434,217635,10427,35029,45456
2021-10-15,1982828,2423456,4406284,430354,473067,903421,397994,438428,836422,382535,428952,811487,291697,342217,633914,231739,300388,532127,166863,258882,425745,71217,146478,217695,10429,35044,45473
2021-10-16,1991594,2432393,4423987,436732,479342,916074,399290,439753,839043,383164,429691,812855,292005,342566,634571,231857,300539,532396,166893,258946,425839,71224,146501,217725,10429,35055,45484
2021-10-17,1994700,2435957,4430657,438832,481569,920401,399711,440283,839994,383442,430040,813482,292202,342830,635032,231943,300658,532601,166913,258995,425908,71227,146523,217750,10430,35059,45489
2021-10-18,2006891,2447752,4454643,448565,491057,939622,400707,441140,841847,384269,430748,815017,292681,343298,635979,232075,300854,532929,166932,259037,425969,71232,146546,217778,10430,35072,45502
2021-10-19,2016120,2456593,4472713,454351,496608,950959,402255,442486,844741,385292,431736,817028,293215,343853,637068,232368,301171,533539,166965,259094,426059,71243,146564,217807,10431,35081,45512
2021-10-20,2025067,2465172,4490239,461452,503444,964896,403088,443212,846300,385875,432279,818154,293504,344136,637640,232478,301288,533766,166986,259141,426127,71250,146585,217835,10434,35087,45521
2021-10-21,2035875,2476376,4512251,470009,512486,982495,404133,444109,848242,386456,432816,819272,293869,344499,638368,232673,301516,534189,167023,259205,426228,71276,146634,217910,10436,35111,45547
2021-10-22,2049669,2490946,4540615,480923,523796,1004719,405500,445493,850993,387136,433617,820753,294454,345152,639606,232864,301779,534643,167066,259301,426367,71290,146688,217978,10436,35120,45556
2021-10-23,2058364,2499719,4558083,488372,531319,1019691,406186,446157,852343,387394,433900,821294,294630,345316,639946,232953,301861,534814,167089,259336,426425,71300,146705,218005,10440,35125,45565
2021-10-24,2067510,2508842,4576352,497053,539933,1036986,406376,446355,852731,387520,434042,821562,294709,345396,640105,233002,301919,534921,167103,259357,426460,71305,146712,218017,10442,35128,45570
2021-10-25,2077451,2519121,4596572,505072,547816,1052888,407229,447230,854459,388117,434732,822849,295008,345811,640819,233115,302146,535261,167147,259477,426624,71318,146768,218086,10445,35141,45586
2021-10-26,2089187,2530512,4619699,515377,557833,1073210,407998,447905,855903,388442,435072,823514,295216,346003,641219,233202,302224,535426,167175,259519,426694,71330,146798,218128,10447,35158,45605
2021-10-27,2101576,2543127,4644703,526526,569128,1095654,408559,448478,857037,388807,435437,824244,295419,346209,641628,233276,302332,535608,167207,259565,426772,71335,146817,218152,10447,35161,45608
2021-10-28,2114281,2555986,4670267,537762,580451,1118213,409222,449090,858312,389213,435849,825062,295675,346477,642152,233371,302469,535840,167243,259621,426864,71343,146852,218195,10452,35177,45629
2021-10-29,2126706,2568399,4695105,549296,591956,1141252,409700,449518,859218,389423,436088,825511,295798,346594,642392,233431,302530,535961,167256,259651,426907,71349,146876,218225,10453,35186,45639
2021-10-30,2135170,2576977,4712147,557181,599934,1157115,410021,449817,859838,389567,436241,825808,295873,346672,642545,233465,302569,536034,167259,259673,426932,71351,146883,218234,10453,35188,45641
2021-10-31,2143192,2584836,4728028,564529,607161,1171690,410356,450154,860510,389747,436386,826133,295974,346757,642731,233500,302603,536103,167275,259695,426970,71356,146890,218246,10455,35190,45645
2021-11-01,2151098,2591945,4743043,569097,611530,1180627,412646,451839,864485,390374,436901,827275,296251,347053,643304,233619,302757,536376,167297,259760,427057,71359,146906,218265,10455,35199,45654
2021-11-02,2154912,2595734,4750646,571529,613697,1185226,413460,452659,866119,390689,437295,827984,296416,347280,643696,233678,302861,536539,167310,259804,427114,71366,146927,218293,10464,35211,45675
2021-11-03,2164312,2605779,4770091,580317,623130,1203447,413735,452903,866638,390864,437455,828319,296525,347386,643911,233713,302915,536628,167321,259830,427151,71372,146943,218315,10465,35217,45682
2021-11-04,2173966,2615514,4789480,589406,632236,1221642,413982,453169,867151,391026,437602,828628,296611,347469,644080,233749,302976,536725,167340,259876,427216,71382,146961,218343,10470,35225,45695
2021-11-05,2177857,2619005,4796862,592763,635216,1227979,414196,453381,867577,391163,437726,828889,296726,347547,644273,233789,303024,536813,167358,259899,427257,71391,146978,218369,10471,35234,45705
2021-11-06,2181139,2622261,4803400,595634,638013,1233647,414376,453558,867934,391258,437839,829097,296813,347649,644462,233823,303057,536880,167366,259920,427286,71396,146989,218385,10473,35236,45709
2021-11-07,2184362,2625368,4809730,598367,640662,1239029,414597,453759,868356,391389,437946,829335,296891,347706,644597,233859,303103,536962,167382,259944,427326,71404,147005,218409,10473,35243,45716
2021-11-08,2193195,2634466,4827661,606447,648796,1255243,414933,454146,869079,391594,438181,829775,297023,347882,644905,233915,303194,537109,167401,259998,427399,71408,147016,218424,10474,35253,45727
2021-11-09,2197283,2638584,4835867,609994,652275,1262269,415192,454420,869612,391750,438345,830095,297110,347993,645103,233945,303237,537182,167407,260026,427433,71411,147027,218438,10474,35261,45735
2021-11-10,2203198,2644057,4847255,615406,657184,1272590,415431,454664,870095,391870,438467,830337,297178,348068,645246,233997,303287,537284,167427,260065,427492,71414,147048,218462,10475,35274,45749
2021-11-11,2208144,2648722,4856866,619689,661143,1280832,415731,454914,870645,392032,438639,830671,297279,348193,645472,234040,303355,537395,167459,260114,427573,71435,147082,218517,10479,35282,45761
2021-11-12,2215668,2656324,4871992,626533,668004,1294537,415980,455162,871142,392248,438865,831113,297396,348298,645694,234101,303443,537544,167483,260159,427642,71443,147102,218545,10484,35291,45775
2021-11-13,2216828,2657381,4874209,627683,669048,1296731,415984,455165,871149,392250,438867,831117,297397,348301,645698,234102,303447,537549,167483,260160,427643,71444,147102,218546,10485,35291,45776
2021-11-14,2218200,2658743,4876943,629040,670400,1299440,415991,455171,871162,392255,438870,831125,297400,348301,645701,234102,303448,537550,167483,260160,427643,71444,147102,218546,10485,35291,45776
2021-11-15,2224907,2665484,4890391,635047,676385,1311432,416240,455443,871683,392491,439112,831603,297569,348462,646031,234136,303488,537624,167491,260185,427676,71448,147116,218564,10485,35293,45778
2021-11-16,2234923,2675162,4910085,642683,683949,1326632,417273,456291,873564,393357,439845,833202,297879,348757,646636,234267,303641,537908,167523,260230,427753,71455,147147,218602,10486,35302,45788
2021-11-17,2246843,2686818,4933661,654031,694990,1349021,417586,456567,874153,393484,439990,833474,297964,348856,646820,234295,303685,537980,167532,260255,427787,71459,147163,218622,10492,35312,45804
2021-11-18,2258358,2698083,4956441,665045,705745,1370790,417812,456767,874579,393630,440130,833760,298048,348941,646989,234327,303724,538051,167541,260273,427814,71461,147179,218640,10494,35324,45818
2021-11-19,2269455,2708885,4978340,675261,715604,1390865,418220,457160,875380,393856,440361,834217,298199,349118,647317,234388,303802,538190,167569,260310,427879,71468,147199,218667,10494,35331,45825
2021-11-20,2273085,2712742,4985827,678544,719072,1397616,418349,457289,875638,393953,440471,834424,298275,349189,647464,234411,303847,538258,167582,260331,427913,71475,147210,218685,10496,35333,45829
2021-11-21,2276874,2716625,4993499,681832,722410,1404242,418526,457471,875997,394087,440626,834713,298392,349315,647707,234462,303899,538361,167596,260350,427946,71481,147218,218699,10498,35336,45834
2021-11-22,2281606,2721431,5003037,686068,726677,1412745,418735,457696,876431,394225,440749,834974,298489,349421,647910,234499,303936,538435,167607,260378,427985,71484,147231,218715,10499,35343,45842
2021-11-23,2289069,2728935,5018004,692677,733332,1426009,419137,458069,877206,394450,440965,835415,298646,349573,648219,234544,303998,538542,167624,260402,428026,71490,147248,218738,10501,35348,45849
2021-11-24,2297505,2737157,5034662,700234,740710,1440944,419576,458435,878011,394690,441184,835874,298781,349719,648500,234581,304061,538642,167640,260429,428069,71499,147266,218765,10504,35353,45857
2021-11-25,2300032,2739580,5039612,702143,742496,1444639,419921,458706,878627,394836,441366,836202,298840,349798,648638,234619,304111,538730,167655,260453,428108,71509,147293,218802,10509,35357,45866
2021-11-26,2306215,2745660,5051875,707291,747576,1454867,420372,459121,879493,395135,441637,836772,299020,349952,648972,234681,304199,538880,167683,260497,428180,71522,147311,218833,10511,35367,45878
2021-11-27,2311249,2750704,5061953,711825,752040,1463865,420560,459328,879888,395269,441785,837054,299131,350074,649205,234724,304253,538977,167699,260523,428222,71526,147327,218853,10515,35374,45889
2021-11-28,2316033,2755249,5071282,716162,756112,1472274,420781,459558,880339,395380,441909,837289,299194,350137,649331,234762,304278,539040,167708,260544,428252,71531,147335,218866,10515,35376,45891
2021-11-29,2320697,2759907,5080604,720049,759981,1480030,421176,459949,881125,395605,442117,837722,299305,350231,649536,234793,304336,539129,167718,260567,428285,71534,147343,218877,10517,35383,45900
2021-11-30,2326406,2765578,5091984,724744,764577,1489321,421744,460498,882242,395840,442336,838176,299419,350375,649794,234860,304431,539291,167738,260611,428349,71541,147358,218899,10520,35392,45912
2021-12-01,2333302,2772119,5105421,730740,770153,1500893,422173,460893,883066,396061,442560,838621,299578,350539,650117,234918,304537,539455,167763,260658,428421,71548,147379,218927,10521,35400,45921
2021-12-02,2340479,2779438,5119917,736826,776172,1512998,422682,461369,884051,396426,442965,839391,299710,350767,650477,234973,304623,539596,167787,260723,428510,71553,147406,218959,10522,35413,45935
2021-12-03,2342844,2781726,5124570,738609,777868,1516477,422979,461653,884632,396562,443092,839654,299785,350852,650637,235025,304673,539698,167805,260754,428559,71556,147418,218974,10523,35416,45939
2021-12-04,2345363,2784275,5129638,740782,780073,1520855,423115,461785,884900,396666,443175,839841,299837,350913,650750,235058,304708,539766,167821,260774,428595,71561,147426,218987,10523,35421,45944
2021-12-05,2347325,2786277,5133602,742413,781700,1524113,423284,461947,885231,396739,443265,840004,299889,350974,650863,235084,304744,539828,167828,260788,428616,71564,147434,218998,10524,35425,45949
2021-12-06,2352511,2791454,5143965,746842,786046,1532888,423641,462311,885952,396957,443511,840468,300001,351097,651098,235129,304797,539926,167848,260815,428663,71568,147448,219016,10525,35429,45954
2021-12-07,2356484,2795449,5151933,749928,789108,1539036,424081,462740,886821,397193,443757,840950,300123,351213,651336,235186,304881,540067,167875,260855,428730,71571,147462,219033,10527,35433,45960
2021-12-08,2359521,2798425,5157946,752390,791543,1543933,424319,462946,887265,397335,443887,841222,300244,351319,651563,235234,304938,540172,167895,260880,428775,71575,147473,219048,10529,35439,45968
2021-12-09,2364870,2803642,5168512,757209,796174,1553383,424556,463165,887721,397477,444039,841516,300329,351415,651744,235277,304999,540276,167913,260918,428831,71579,147491,219070,10530,35441,45971
2021-12-10,2368235,2806853,5175088,760108,798873,1558981,424780,463374,888154,397594,444142,841736,300393,351505,651898,235320,305050,540370,167924,260943,428867,71586,147509,219095,10530,35457,45987
