FECHA,TotalM,TotalF,Total,<=30M,<=30F,<=30,31-40M,31-40F,31-40,41-50M,41-50F,41-50,51-60M,51-60F,51-60,61-70M,61-70F,61-70,71-80M,71-80F,71-80,81-90M,81-90F,81-90,>=91M,>=91F,>=91
2020-12-29,299,476,775,44,76,120,104,144,248,93,155,248,57,99,156,1,2,3,0,0,0,0,0,0,0,0,0
2020-12-30,638,1040,1678,95,189,284,226,317,543,189,330,519,125,201,326,3,3,6,0,0,0,0,0,0,0,0,0
2020-12-31,684,1091,1775,102,192,294,240,334,574,205,351,556,134,210,344,3,4,7,0,0,0,0,0,0,0,0,0
2021-01-01,684,1091,1775,102,192,294,240,334,574,205,351,556,134,210,344,3,4,7,0,0,0,0,0,0,0,0,0
2021-01-02,837,1368,2205,116,225,341,298,443,741,255,429,684,164,266,430,4,5,9,0,0,0,0,0,0,0,0,0
2021-01-03,892,1482,2374,125,242,367,323,491,814,267,459,726,173,285,458,4,5,9,0,0,0,0,0,0,0,0,0
2021-01-04,1248,2066,3314,186,343,529,439,694,1133,370,634,1004,248,390,638,5,5,10,0,0,0,0,0,0,0,0,0
2021-01-05,1761,2880,4641,259,480,739,655,965,1620,496,881,1377,345,545,890,6,8,14,0,1,1,0,0,0,0,0,0
2021-01-06,2326,3751,6077,358,642,1000,865,1226,2091,654,1138,1792,441,735,1176,8,9,17,0,1,1,0,0,0,0,0,0
2021-01-07,2900,4765,7665,448,811,1259,1066,1574,2640,815,1440,2255,563,930,1493,8,9,17,0,1,1,0,0,0,0,0,0
2021-01-08,3570,5952,9522,569,1041,1610,1293,1979,3272,1008,1782,2790,687,1137,1824,13,12,25,0,1,1,0,0,0,0,0,0
2021-01-09,3739,6227,9966,583,1081,1664,1365,2081,3446,1060,1871,2931,718,1181,1899,13,12,25,0,1,1,0,0,0,0,0,0
2021-01-10,3948,6589,10537,616,1129,1745,1454,2233,3687,1114,1974,3088,749,1240,1989,15,12,27,0,1,1,0,0,0,0,0,0
2021-01-11,4610,7790,12400,727,1387,2114,1721,2637,4358,1291,2301,3592,854,1449,2303,17,15,32,0,1,1,0,0,0,0,0,0
2021-01-12,5205,8887,14092,824,1578,2402,1957,3025,4982,1442,2595,4037,964,1672,2636,18,16,34,0,1,1,0,0,0,0,0,0
2021-01-13,5671,9779,15450,903,1757,2660,2121,3350,5471,1571,2829,4400,1057,1826,2883,19,16,35,0,1,1,0,0,0,0,0,0
2021-01-14,6476,11203,17679,1073,2039,3112,2413,3838,6251,1791,3226,5017,1180,2082,3262,19,17,36,0,1,1,0,0,0,0,0,0
2021-01-15,7672,13431,21103,1288,2492,3780,2880,4610,7490,2099,3841,5940,1386,2467,3853,19,20,39,0,1,1,0,0,0,0,0,0
2021-01-16,8149,14292,22441,1384,2646,4030,3058,4939,7997,2220,4086,6306,1468,2600,4068,19,20,39,0,1,1,0,0,0,0,0,0
2021-01-17,8434,14839,23273,1450,2739,4189,3171,5154,8325,2292,4241,6533,1502,2684,4186,19,20,39,0,1,1,0,0,0,0,0,0
2021-01-18,8622,15158,23780,1478,2793,4271,3231,5258,8489,2349,4347,6696,1545,2739,4284,19,20,39,0,1,1,0,0,0,0,0,0
2021-01-19,8908,15630,24538,1514,2860,4374,3313,5429,8742,2444,4493,6937,1616,2826,4442,21,21,42,0,1,1,0,0,0,0,0,0
2021-01-20,9201,16135,25336,1545,2956,4501,3422,5579,9001,2533,4652,7185,1680,2924,4604,21,23,44,0,1,1,0,0,0,0,0,0
2021-01-21,9330,16322,25652,1568,2985,4553,3466,5631,9097,2567,4715,7282,1703,2965,4668,26,24,50,0,2,2,0,0,0,0,0,0
2021-01-22,9364,16371,25735,1574,2995,4569,3479,5645,9124,2579,4732,7311,1705,2972,4677,27,25,52,0,2,2,0,0,0,0,0,0
2021-01-23,9483,16574,26057,1584,3017,4601,3524,5726,9250,2618,4792,7410,1729,3012,4741,28,25,53,0,2,2,0,0,0,0,0,0
2021-01-24,9527,16663,26190,1589,3027,4616,3544,5763,9307,2629,4818,7447,1737,3028,4765,28,25,53,0,2,2,0,0,0,0,0,0
2021-01-25,9808,17123,26931,1634,3104,4738,3628,5911,9539,2709,4962,7671,1807,3118,4925,30,26,56,0,2,2,0,0,0,0,0,0
2021-01-26,10177,17769,27946,1674,3209,4883,3774,6095,9869,2814,5178,7992,1882,3255,5137,33,30,63,0,2,2,0,0,0,0,0,0
2021-01-27,10623,18433,29056,1748,3325,5073,3943,6293,10236,2931,5372,8303,1964,3410,5374,37,31,68,0,2,2,0,0,0,0,0,0
2021-01-28,11082,19241,30323,1823,3470,5293,4095,6566,10661,3059,5598,8657,2067,3574,5641,38,31,69,0,2,2,0,0,0,0,0,0
2021-01-29,11718,20306,32024,1925,3658,5583,4338,6942,11280,3242,5905,9147,2171,3764,5935,42,35,77,0,2,2,0,0,0,0,0,0
2021-01-30,11871,20568,32439,1944,3697,5641,4398,7046,11444,3287,5984,9271,2200,3804,6004,42,35,77,0,2,2,0,0,0,0,0,0
2021-01-31,11989,20793,32782,1967,3730,5697,4440,7139,11579,3319,6044,9363,2220,3843,6063,43,35,78,0,2,2,0,0,0,0,0,0
2021-02-01,12535,21736,34271,2058,3905,5963,4664,7471,12135,3469,6298,9767,2300,4021,6321,44,39,83,0,2,2,0,0,0,0,0,0
2021-02-02,13718,23742,37460,2171,4149,6320,4953,7936,12889,3675,6737,10412,2526,4483,7009,350,403,753,37,32,69,5,2,7,1,0,1
2021-02-03,14985,26052,41037,2309,4475,6784,5277,8553,13830,3928,7283,11211,2772,4957,7729,617,721,1338,73,59,132,8,4,12,1,0,1
2021-02-04,16228,28376,44604,2469,4799,7268,5636,9217,14853,4220,7849,12069,2993,5440,8433,784,971,1755,112,93,205,12,7,19,2,0,2
2021-02-05,18135,32089,50224,2749,5377,8126,6256,10387,16643,4625,8759,13384,3349,6175,9524,974,1247,2221,163,135,298,17,9,26,2,0,2
2021-02-06,18578,32895,51473,2830,5495,8325,6392,10663,17055,4742,8989,13731,3435,6330,9765,996,1273,2269,164,136,300,17,9,26,2,0,2
2021-02-07,18931,33547,52478,2884,5585,8469,6505,10900,17405,4852,9181,14033,3493,6441,9934,1012,1294,2306,166,137,303,17,9,26,2,0,2
2021-02-08,19798,35141,54939,3012,5865,8877,6783,11402,18185,5062,9608,14670,3643,6713,10356,1101,1397,2498,177,147,324,18,9,27,2,0,2
2021-02-09,20789,37067,57856,3153,6207,9360,7086,11970,19056,5289,10069,15358,3824,7117,10941,1221,1542,2763,191,153,344,23,9,32,2,0,2
2021-02-10,21325,38091,59416,3234,6371,9605,7217,12293,19510,5434,10332,15766,3932,7322,11254,1280,1604,2884,200,160,360,26,9,35,2,0,2
2021-02-11,21780,39152,60932,3305,6551,9856,7362,12638,20000,5531,10600,16131,4004,7520,11524,1337,1666,3003,212,168,380,27,9,36,2,0,2
2021-02-12,22286,40097,62383,3378,6704,10082,7528,12969,20497,5645,10876,16521,4094,7658,11752,1384,1706,3090,225,175,400,30,9,39,2,0,2
2021-02-13,22314,40141,62455,3380,6712,10092,7539,12986,20525,5651,10885,16536,4102,7667,11769,1384,1707,3091,226,175,401,30,9,39,2,0,2
2021-02-14,22320,40165,62485,3382,6719,10101,7541,12993,20534,5651,10895,16546,4104,7667,11771,1384,1707,3091,226,175,401,30,9,39,2,0,2
2021-02-15,22320,40165,62485,3382,6719,10101,7541,12993,20534,5651,10895,16546,4104,7667,11771,1384,1707,3091,226,175,401,30,9,39,2,0,2
2021-02-16,22331,40201,62532,3383,6720,10103,7549,13011,20560,5653,10908,16561,4104,7670,11774,1384,1707,3091,226,176,402,30,9,39,2,0,2
2021-02-17,23130,41705,64835,3510,6948,10458,7795,13461,21256,5824,11339,17163,4250,7957,12207,1481,1811,3292,238,180,418,30,9,39,2,0,2
2021-02-18,24978,45584,70562,3728,7488,11216,8318,14508,22826,6203,12363,18566,4613,8739,13352,1748,2197,3945,317,274,591,49,15,64,2,0,2
2021-02-19,26646,49400,76046,3923,8022,11945,8765,15623,24388,6629,13346,19975,4923,9475,14398,1958,2531,4489,382,378,760,61,25,86,5,0,5
2021-02-20,27098,50185,77283,3968,8105,12073,8901,15895,24796,6741,13539,20280,5011,9625,14636,2011,2613,4624,399,383,782,62,25,87,5,0,5
2021-02-21,27427,50690,78117,4003,8170,12173,8994,16083,25077,6821,13670,20491,5090,9711,14801,2044,2643,4687,406,388,794,64,25,89,5,0,5
2021-02-22,30856,56938,87794,4198,8615,12813,9345,16947,26292,7090,14369,21459,5345,10256,15601,2359,2956,5315,802,924,1726,1544,2444,3988,173,427,600
2021-02-23,34837,64340,99177,4450,9143,13593,9791,18044,27835,7516,15371,22887,5708,11056,16764,2837,3567,6404,1161,1425,2586,3022,4871,7893,352,863,1215
2021-02-24,38893,71951,110844,4707,9605,14312,10343,19098,29441,7963,16337,24300,6035,11807,17842,3222,4068,7290,1556,2037,3593,4550,7631,12181,517,1368,1885
2021-02-25,42939,79499,122438,4941,10138,15079,10866,20186,31052,8455,17230,25685,6407,12594,19001,3566,4560,8126,1894,2606,4500,6090,10307,16397,720,1878,2598
2021-02-26,46857,87394,134251,5190,10699,15889,11409,21302,32711,8833,18183,27016,6802,13448,20250,3919,5063,8982,2254,3144,5398,7540,13111,20651,910,2444,3354
2021-02-27,47386,88500,135886,5230,10773,16003,11508,21429,32937,8921,18305,27226,6862,13555,20417,3977,5164,9141,2320,3272,5592,7643,13421,21064,925,2581,3506
2021-02-28,47540,88853,136393,5245,10790,16035,11538,21488,33026,8938,18339,27277,6875,13571,20446,4011,5197,9208,2335,3310,5645,7668,13515,21183,930,2643,3573
2021-03-01,50625,94921,145546,5356,11021,16377,11798,22010,33808,9160,18737,27897,7040,13953,20993,4204,5446,9650,2692,3871,6563,9244,16706,25950,1131,3177,4308
2021-03-02,53663,100782,154445,5482,11318,16800,12028,22513,34541,9334,19163,28497,7196,14297,21493,4390,5757,10147,3062,4441,7503,10829,19609,30438,1342,3684,5026
2021-03-03,56544,106586,163130,5615,11576,17191,12278,23109,35387,9555,19658,29213,7355,14683,22038,4528,5992,10520,3366,4959,8325,12291,22386,34677,1556,4223,5779
2021-03-04,57817,109451,167268,5738,11895,17633,12509,23664,36173,9740,20078,29818,7493,15015,22508,4647,6219,10866,3484,5162,8646,12619,23059,35678,1587,4359,5946
2021-03-05,58929,112042,170971,5832,12140,17972,12758,24239,36997,9936,20624,30560,7658,15416,23074,4765,6436,11201,3557,5306,8863,12804,23442,36246,1619,4439,6058
2021-03-06,59585,114368,173953,5872,12378,18250,12933,24764,37697,10071,21134,31205,7760,15844,23604,4793,6492,11285,3623,5451,9074,12891,23745,36636,1642,4560,6202
2021-03-07,60232,116433,176665,5907,12569,18476,13078,25254,38332,10218,21590,31808,7882,16205,24087,4828,6536,11364,3691,5583,9274,12966,23995,36961,1662,4701,6363
2021-03-08,61685,119754,181439,5998,12821,18819,13261,25698,38959,10352,21976,32328,8019,16556,24575,4959,6807,11766,3870,5892,9762,13492,25004,38496,1734,5000,6734
2021-03-09,65450,126598,192048,6156,13127,19283,13595,26383,39978,10624,22508,33132,8271,17057,25328,5230,7161,12391,4289,6562,10851,15325,28132,43457,1960,5668,7628
2021-03-10,69489,135317,204806,6368,13645,20013,13981,27506,41487,10959,23619,34578,8619,18051,26670,5454,7496,12950,4692,7207,11899,17208,31455,48663,2208,6338,8546
2021-03-11,74675,147637,222312,6778,14558,21336,14724,29540,44264,11526,25805,37331,9144,19676,28820,5820,8031,13851,5136,7945,13081,19129,35104,54233,2418,6978,9396
2021-03-12,78473,157931,236404,7209,15604,22813,15552,32063,47615,12206,28330,40536,9721,21539,31260,6108,8487,14595,5365,8274,13639,19788,36385,56173,2524,7249,9773
2021-03-13,79965,163031,242996,7403,16386,23789,15970,33565,49535,12584,29732,42316,10019,22502,32521,6198,8616,14814,5395,8353,13748,19855,36560,56415,2541,7317,9858
2021-03-14,81009,166986,247995,7500,16899,24399,16275,34670,50945,12876,30955,43831,10261,23438,33699,6278,8749,15027,5420,8393,13813,19858,36565,56423,2541,7317,9858
2021-03-15,83980,175954,259934,7759,17924,25683,16920,36883,53803,13429,33120,46549,10765,25129,35894,6561,9272,15833,5632,8718,14350,20305,37464,57769,2609,7444,10053
2021-03-16,87909,185400,273309,8026,18768,26794,17532,38664,56196,13993,34840,48833,11224,26555,37779,6895,9870,16765,6011,9287,15298,21509,39660,61169,2719,7756,10475
2021-03-17,92083,194636,286719,8318,19448,27766,18152,40365,58517,14570,36457,51027,11673,27778,39451,7286,10574,17860,6434,9962,16396,22787,41964,64751,2863,8088,10951
2021-03-18,96440,204481,300921,8653,20350,29003,18891,42288,61179,15244,38223,53467,12254,29216,41470,7608,11164,18772,6872,10654,17526,23915,44117,68032,3003,8469,11472
2021-03-19,100590,214355,314945,9006,21345,30351,19667,44351,64018,16018,40086,56104,12882,30704,43586,7860,11542,19402,7174,11164,18338,24828,46164,70992,3155,8999,12154
2021-03-20,102776,219292,322068,9076,21566,30642,19874,44826,64700,16209,40550,56759,13079,31174,44253,8317,12618,20935,7559,11787,19346,25409,47464,72873,3253,9307,12560
2021-03-21,104449,222754,327203,9100,21628,30728,19945,44960,64905,16252,40631,56883,13174,31368,44542,8954,14037,22991,7978,12473,20451,25739,48173,73912,3307,9484,12791
2021-03-22,106522,227219,333741,9266,21923,31189,20253,45645,65898,16491,41205,57696,13405,32010,45415,9527,15479,25006,8446,13156,21602,25814,48292,74106,3320,9509,12829
2021-03-23,109539,234158,343697,9386,22192,31578,20511,46221,66732,16705,41733,58438,13610,32469,46079,9935,16349,26284,8900,13897,22797,26971,51011,77982,3521,10286,13807
2021-03-24,111397,238283,349680,9392,22209,31601,20523,46249,66772,16715,41759,58474,13647,32532,46179,10173,16913,27086,9243,14554,23797,28027,53280,81307,3677,10787,14464
2021-03-25,113497,242560,356057,9522,22505,32027,20781,46806,67587,16959,42192,59151,13807,32849,46656,10266,17067,27333,9548,15014,24562,28816,54933,83749,3798,11194,14992
2021-03-26,114601,245184,359785,9559,22599,32158,20890,47002,67892,17035,42363,59398,13893,32987,46880,10386,17451,27837,9730,15408,25138,29229,55861,85090,3879,11513,15392
2021-03-27,115338,247046,362384,9562,22605,32167,20895,47017,67912,17038,42376,59414,13898,33009,46907,10403,17491,27894,9879,15738,25617,29715,56941,86656,3948,11869,15817
2021-03-28,116048,248930,364978,9564,22609,32173,20898,47024,67922,17039,42387,59426,13906,33021,46927,10433,17530,27963,10021,15997,26018,30148,58085,88233,4039,12277,16316
2021-03-29,118347,254755,373102,9764,23135,32899,21317,48116,69433,17386,43284,60670,14186,33757,47943,10584,17815,28399,10258,16392,26650,30702,59490,90192,4150,12766,16916
2021-03-30,121490,261969,383459,9882,23428,33310,21561,48770,70331,17612,43818,61430,15239,36132,51371,11351,19053,30404,10625,17085,27710,31007,60532,91539,4213,13151,17364
2021-03-31,125646,270477,396123,10110,23957,34067,22055,50009,72064,18044,44898,62942,15475,36627,52102,11511,19271,30782,12668,20257,32925,31469,61830,93299,4314,13628,17942
2021-04-01,130163,278038,408201,10137,23984,34121,22079,50091,72170,18582,45928,64510,15855,37379,53234,11578,19468,31046,15733,24602,40335,31819,62692,94511,4380,13894,18274
2021-04-02,134579,285248,419827,10138,23987,34125,22081,50097,72178,19492,47662,67154,15862,37394,53256,11593,19494,31087,18901,29246,48147,32094,63303,95397,4418,14065,18483
2021-04-03,138331,291333,429664,10139,23995,34134,22084,50101,72185,19501,47669,67170,15870,37401,53271,11602,19505,31107,22481,34884,57365,32202,63597,95799,4452,14181,18633
2021-04-04,139436,293082,432518,10139,23995,34134,22084,50102,72186,19503,47672,67175,15875,37408,53283,11620,19522,31142,23551,36577,60128,32207,63614,95821,4457,14192,18649
2021-04-05,145506,302863,448369,10227,24120,34347,22158,50299,72457,19579,47877,67456,15955,37604,53559,11752,19713,31465,29010,45085,74095,32335,63879,96214,4490,14286,18776
2021-04-06,152335,313864,466199,10330,24268,34598,22283,50523,72806,19649,48024,67673,16015,37725,53740,11864,19892,31756,35108,54627,89735,32552,64366,96918,4534,14439,18973
2021-04-07,159895,325776,485671,10420,24387,34807,22407,50789,73196,19722,48197,67919,16095,37866,53961,12518,20702,33220,41239,64125,105364,32897,65094,97991,4597,14616,19213
2021-04-08,168380,337856,506236,10583,24552,35135,22617,51057,73674,19825,48352,68177,16179,38032,54211,14044,22932,36976,47461,72924,120385,33050,65313,98363,4621,14694,19315
2021-04-09,175729,349129,524858,10711,24798,35509,22840,51445,74285,19946,48609,68555,16269,38217,54486,15387,24786,40173,52727,80794,133521,33197,65647,98844,4652,14833,19485
2021-04-10,178827,353887,532714,10759,24905,35664,22902,51594,74496,20023,48731,68754,16322,38339,54661,16042,25792,41834,54870,83963,138833,33250,65701,98951,4659,14862,19521
2021-04-11,181737,358506,540243,10807,25013,35820,22998,51776,74774,20075,48893,68968,16387,38505,54892,16641,26702,43343,56887,86961,143848,33279,65763,99042,4663,14893,19556
2021-04-12,189847,371025,560872,10938,25256,36194,23179,52127,75306,20190,49119,69309,16496,38701,55197,18253,29006,47259,62736,95881,158617,33368,65962,99330,4687,14973,19660
2021-04-13,197515,382802,580317,11143,25443,36586,23409,52464,75873,20406,49354,69760,16692,39073,55765,20218,32421,52639,67449,102754,170203,33491,66224,99715,4707,15069,19776
2021-04-14,204105,392602,596707,11374,25519,36893,23591,52630,76221,20562,49539,70101,16757,39141,55898,21032,33446,54478,71283,108684,179967,34658,68176,102834,4848,15467,20315
2021-04-15,207379,398306,605685,11510,25565,37075,23692,52668,76360,20641,49562,70203,16799,39188,55987,22322,36260,58582,72807,111170,183977,34741,68371,103112,4867,15522,20389
2021-04-16,211177,404047,615224,11610,25598,37208,23740,52695,76435,20682,49586,70268,16815,39204,56019,22950,37099,60049,75390,115023,190413,35061,69127,104188,4929,15715,20644
2021-04-17,211493,404533,616026,11625,25612,37237,23765,52712,76477,20719,49619,70338,16852,39234,56086,22992,37139,60131,75530,115295,190825,35079,69183,104262,4931,15739,20670
2021-04-18,211640,404694,616334,11641,25618,37259,23787,52728,76515,20748,49652,70400,16895,39263,56158,23001,37156,60157,75545,115312,190857,35088,69212,104300,4935,15753,20688
2021-04-19,215684,411050,626734,11800,25648,37448,23851,52739,76590,20798,49667,70465,16911,39276,56187,23492,37834,61326,78348,119705,198053,35484,70190,105674,5000,15991,20991
2021-04-20,221849,421628,643477,11963,25710,37673,23932,52809,76741,20865,49752,70617,17362,40332,57694,26510,42762,69272,79952,122149,202101,36068,71529,107597,5197,16585,21782
2021-04-21,230256,433720,663976,12047,25756,37803,23981,52854,76835,20911,49797,70708,17447,40547,57994,34263,53696,87959,80282,122773,203055,36115,71656,107771,5210,16641,21851
2021-04-22,240322,447636,687958,12094,25801,37895,24020,52900,76920,20943,49848,70791,17489,40611,58100,43723,66663,110386,80650,123361,204011,36184,71779,107963,5219,16673,21892
2021-04-23,250520,460835,711355,12120,25848,37968,24067,52955,77022,20994,49922,70916,17556,40686,58242,53454,79014,132468,80868,123750,204618,36234,71921,108155,5227,16739,21966
2021-04-24,253430,464350,717780,12125,25857,37982,24072,52963,77035,21009,49938,70947,17574,40708,58282,56068,82203,138271,81082,123938,205020,36263,71984,108247,5237,16759,21996
2021-04-25,253511,464473,717984,12127,25859,37986,24076,52966,77042,21014,49950,70964,17583,40715,58298,56125,82281,138406,81084,123947,205031,36263,71992,108255,5239,16763,22002
2021-04-26,255015,466852,721867,12141,25865,38006,24087,52978,77065,21023,49960,70983,17588,40731,58319,57441,84293,141734,81212,124168,205380,36278,72068,108346,5245,16789,22034
2021-04-27,256400,469701,726101,12218,25936,38154,24136,53070,77206,21066,50027,71093,17623,40788,58411,58340,85959,144299,81443,124886,206329,36323,72209,108532,5251,16826,22077
2021-04-28,263460,485726,749186,12939,27769,40708,25687,57379,83066,22353,53875,76228,18639,43740,62379,60582,88590,149172,81646,125207,206853,36357,72305,108662,5257,16861,22118
2021-04-29,269985,498873,768858,13393,29089,42482,26764,60576,87340,23385,56869,80254,19500,46102,65602,63312,91258,154570,81939,125581,207520,36415,72471,108886,5277,16927,22204
2021-04-30,271309,500854,772163,13464,29214,42678,26861,60753,87614,23431,56963,80394,19531,46175,65706,64143,92366,156509,82140,125862,208002,36451,72552,109003,5288,16969,22257
2021-05-01,271838,501907,773745,13474,29242,42716,26916,60852,87768,23453,57015,80468,19553,46213,65766,64454,92957,157411,82231,126019,208250,36467,72611,109078,5290,16998,22288
2021-05-02,276131,511739,787870,13782,30181,43963,27727,63021,90748,24264,59087,83351,20190,47836,68026,64947,94006,158953,83421,127859,211280,36504,72710,109214,5296,17039,22335
2021-05-03,284330,523264,807594,13838,30286,44124,27830,63186,91016,24316,59176,83492,21013,48997,70010,69840,100501,170341,85595,131126,216721,36586,72893,109479,5312,17099,22411
2021-05-04,295886,537541,833427,13929,30408,44337,27925,63363,91288,24360,59274,83634,22989,51466,74455,78868,111479,190347,85863,131440,217303,36628,72971,109599,5324,17140,22464
2021-05-05,306525,552840,859365,14051,30595,44646,28136,63552,91688,24590,59409,83999,23563,52134,75697,81981,116103,198084,91949,140163,232112,36894,73594,110488,5361,17290,22651
2021-05-06,310139,558192,868331,14161,30694,44855,28291,63668,91959,24789,59464,84253,23985,52558,76543,83636,118833,202469,92934,141943,234877,36962,73707,110669,5381,17325,22706
2021-05-07,318092,571274,889366,14297,30982,45279,28517,64185,92702,24985,59845,84830,24243,53067,77310,85018,121645,206663,98551,150201,248752,37076,73936,111012,5405,17413,22818
2021-05-08,320480,586554,907034,14479,32592,47071,28986,67681,96667,25488,64445,89933,24808,56700,81508,85595,123433,209028,98619,150292,248911,37090,73976,111066,5415,17435,22850
2021-05-09,320613,586775,907388,14479,32592,47071,28986,67681,96667,25489,64445,89934,24828,56712,81540,85663,123509,209172,98633,150313,248946,37112,74041,111153,5423,17482,22905
2021-05-10,321439,589289,910728,14506,32634,47140,29017,67734,96751,25516,64489,90005,24976,56964,81940,85979,124927,210906,98831,150775,249606,37175,74211,111386,5439,17555,22994
2021-05-11,324725,593209,917934,14526,32669,47195,29048,67791,96839,25547,64544,90091,25606,57706,83312,88371,127613,215984,98962,150959,249921,37212,74314,111526,5453,17613,23066
2021-05-12,328294,597615,925909,14561,32701,47262,29094,67853,96947,25588,64605,90193,26289,58499,84788,90862,130405,221267,99131,151333,250464,37300,74517,111817,5469,17702,23171
2021-05-13,331178,602987,934165,14615,32805,47420,29188,68085,97273,25665,64761,90426,26468,58810,85278,91745,132113,223858,100624,153843,254467,37386,74767,112153,5487,17803,23290
2021-05-14,332507,606037,938544,14668,32901,47569,29280,68273,97553,25739,64897,90636,26637,59044,85681,92331,133583,225914,100907,154499,255406,37440,74948,112388,5505,17892,23397
2021-05-15,338910,611203,950113,14687,32940,47627,29318,68340,97658,25769,64946,90715,27830,60246,88076,97319,137043,234362,101003,154673,255676,37470,75069,112539,5514,17946,23460
2021-05-16,339782,613508,953290,14745,33133,47878,29526,69041,98567,26022,65656,91678,28006,60646,88652,97448,137196,234644,101028,154715,255743,37483,75143,112626,5524,17978,23502
2021-05-17,344043,617833,961876,14794,33222,48016,29696,69459,99155,26127,65946,92073,28843,61425,90268,100262,139393,239655,101257,155095,256352,37524,75255,112779,5540,18038,23578
2021-05-18,348597,621732,970329,14823,33275,48098,29758,69535,99293,26187,66025,92212,29706,62268,91974,103667,141904,245571,101355,155291,256646,37552,75350,112902,5549,18084,23633
2021-05-19,352032,625049,977081,14864,33374,48238,29867,69748,99615,26232,66140,92372,30337,62904,93241,106100,143712,249812,101486,155605,257091,37587,75441,113028,5559,18125,23684
2021-05-20,362592,636980,999572,14935,33519,48454,30017,69985,100002,26319,66319,92638,33258,66215,99473,112684,150202,262886,102062,156628,258690,37733,75879,113612,5584,18233,23817
2021-05-21,364735,641361,1006096,15040,33778,48818,30203,70532,100735,26426,66716,93142,33354,66560,99914,113131,151032,264163,103181,158419,261600,37808,76037,113845,5592,18287,23879
2021-05-22,366256,643483,1009739,15092,33852,48944,30245,70594,100839,26449,66779,93228,33561,66821,100382,114097,152262,266359,103376,158761,262137,37839,76107,113946,5597,18307,23904
2021-05-23,368624,645836,1014460,15116,33898,49014,30271,70661,100932,26473,66820,93293,34567,67906,102473,115279,153142,268421,103456,158913,262369,37858,76172,114030,5604,18324,23928
2021-05-24,369314,647402,1016716,15153,33980,49133,30337,70794,101131,26510,66921,93431,34791,68144,102935,115549,154018,269567,103507,159016,262523,37863,76197,114060,5604,18332,23936
2021-05-25,373913,655879,1029792,15163,34000,49163,30343,70810,101153,26512,66937,93449,34968,68315,103283,115826,154760,270586,103986,159851,263837,41106,81898,123004,6009,19308,25317
2021-05-26,376180,659273,1035453,15197,34049,49246,30385,70891,101276,26547,67008,93555,36039,69277,105316,116025,155094,271119,104152,160164,264316,41723,83207,124930,6112,19583,25695
2021-05-27,385477,674216,1059693,15256,34164,49420,30481,71054,101535,26640,67170,93810,38718,71727,110445,116303,155300,271603,104832,161351,266183,46542,92268,138810,6705,21182,27887
2021-05-28,395970,689025,1084995,15362,34320,49682,30648,71296,101944,26931,67440,94371,44504,78496,123000,116531,155538,272069,105352,162166,267518,49560,97592,147152,7082,22177,29259
2021-05-29,404911,697328,1102239,15366,34328,49694,30659,71307,101966,27560,67911,95471,52248,85404,137652,116717,155766,272483,105426,162295,267721,49820,98066,147886,7115,22251,29366
2021-05-30,413202,704858,1118060,15367,34336,49703,30665,71314,101979,29327,69451,98778,58622,91225,149847,116800,155844,272644,105449,162322,267771,49851,98107,147958,7121,22259,29380
2021-05-31,424722,720164,1144886,15462,34513,49975,30828,71595,102423,35668,75498,111166,62019,96732,158751,117409,156712,274121,105636,162684,268320,50480,99794,150274,7220,22636,29856
2021-06-01,435807,732735,1168542,15651,34768,50419,31423,72007,103430,42719,82865,125584,64195,99245,163440,117525,156884,274409,105797,162961,268758,51212,101088,152300,7285,22917,30202
2021-06-02,444820,745535,1190355,16262,35415,51677,33123,74603,107726,46721,88149,134870,66216,101838,168054,117681,157090,274771,105920,163170,269090,51543,102032,153575,7354,23238,30592
2021-06-03,457451,764977,1222428,19279,40448,59727,38350,82560,120910,49978,92545,142523,66788,102681,169469,117828,157290,275118,106009,163359,269368,51815,102663,154478,7404,23431,30835
2021-06-04,470649,781213,1251862,22238,44028,66266,43111,87300,130411,52920,96752,149672,67802,104070,171872,118878,158449,277327,106311,163886,270197,51949,103152,155101,7440,23576,31016
2021-06-05,481501,791394,1272895,24897,46399,71296,47879,91213,139092,54751,98463,153214,68469,104752,173221,119520,159170,278690,106457,164169,270626,52056,103512,155568,7472,23716,31188
2021-06-06,489890,801154,1291044,27934,50422,78356,51673,95293,146966,55667,99187,154854,68889,105125,174014,119596,159250,278846,106514,164299,270813,52123,103719,155842,7494,23859,31353
2021-06-07,503485,815258,1318743,31013,53764,84777,54967,98033,153000,58951,102317,161268,72214,109003,181217,119971,159647,279618,106635,164518,271153,52207,103978,156185,7527,23998,31525
2021-06-08,516104,832248,1348352,32015,55245,87260,56322,100067,156389,60425,104365,164790,80283,118924,199207,120117,159844,279961,106826,164846,271672,52532,104693,157225,7584,24264,31848
2021-06-09,528654,845341,1373995,32348,55580,87928,56966,100734,157700,61126,104921,166047,90961,129990,220951,120211,159973,280184,106880,164933,271813,52564,104837,157401,7598,24373,31971
2021-06-10,542891,860239,1403130,33106,56435,89541,58019,101940,159959,63042,106922,169964,101037,140060,241097,120500,160338,280838,106966,165087,272053,52604,104996,157600,7617,24461,32078
2021-06-11,552588,875940,1428528,33305,56668,89973,58488,102246,160734,63786,107579,171365,102414,141549,243963,120636,160576,281212,107890,166530,274420,57917,114757,172674,8152,26035,34187
2021-06-12,558897,883762,1442659,33743,57261,91004,59096,103040,162136,65132,109125,174257,105491,144563,250054,120684,160656,281340,108034,166824,274858,58485,115937,174422,8232,26356,34588
2021-06-13,563000,888145,1451145,33945,57515,91460,59379,103370,162749,66036,110086,176122,108123,147280,255403,120721,160695,281416,108046,166842,274888,58512,115992,174504,8238,26365,34603
2021-06-14,569067,894790,1463857,34690,58366,93056,60407,104431,164838,67379,111429,178808,110772,150089,260861,120766,160759,281525,108085,166934,275019,58706,116329,175035,8262,26453,34715
2021-06-15,582975,908400,1491375,34808,58544,93352,60610,104717,165327,67807,111882,179689,123277,161657,284934,120980,160980,281960,108226,167242,275468,58966,116807,175773,8301,26571,34872
2021-06-16,590548,918617,1509165,35223,59173,94396,61441,105769,167210,69593,113989,183582,125321,163890,289211,121139,161194,282333,110114,169991,280105,59343,117726,177069,8374,26885,35259
2021-06-17,602077,932838,1534915,35416,59455,94871,61877,106206,168083,72569,117205,189774,129500,168169,297669,121665,161873,283538,112862,174039,286901,59735,118676,178411,8453,27215,35668
2021-06-18,616455,947981,1564436,36073,60274,96347,62936,107317,170253,80969,125212,206181,132693,171440,304133,122061,162412,284473,113348,174831,288179,59893,119110,179003,8482,27385,35867
2021-06-19,627038,959509,1586547,36284,60571,96855,63078,107563,170641,89239,133629,222868,134155,172867,307022,122310,162694,285004,113450,175044,288494,60008,119528,179536,8514,27613,36127
2021-06-20,627041,959512,1586553,36284,60572,96856,63079,107563,170642,89240,133630,222870,134155,172867,307022,122310,162695,285005,113451,175044,288495,60008,119528,179536,8514,27613,36127
2021-06-21,633047,965609,1598656,36307,60594,96901,63117,107616,170733,94283,138623,232906,134807,173490,308297,122466,162883,285349,113519,175136,288655,60028,119617,179645,8520,27650,36170
2021-06-22,638121,970782,1608903,36459,60850,97309,63330,107898,171228,96626,140836,237462,136525,174986,311511,122908,163364,286272,113665,175347,289012,60070,119772,179842,8538,27729,36267
2021-06-23,647704,980376,1628080,36597,61090,97687,63515,108258,171773,104510,148376,252886,137628,175911,313539,123047,163585,286632,113732,175465,289197,60123,119903,180026,8552,27788,36340
2021-06-24,663094,999812,1662906,36801,61498,98299,64155,112429,176584,117585,161379,278964,138705,177094,315799,123280,163896,287176,113856,175680,289536,60155,120009,180164,8557,27827,36384
2021-06-25,675953,1018538,1694491,37203,62679,99882,64869,115462,180331,122411,166312,288723,139669,178204,317873,127840,170083,297923,115021,177320,292341,60347,120512,180859,8593,27966,36559
2021-06-26,685238,1030494,1715732,37241,62721,99962,64906,115513,180419,123251,167143,290394,140229,178903,319132,134679,178775,313454,115804,178522,294326,60507,120850,181357,8621,28067,36688
2021-06-27,693369,1039466,1732835,37305,62829,100134,64983,115653,180636,126766,170728,297494,143009,181707,324716,135722,180000,315722,116352,179347,295699,60594,121089,181683,8638,28113,36751
2021-06-28,710626,1059145,1769771,38000,64497,102497,65583,118068,183651,140580,183609,324189,144264,182976,327240,136419,181009,317428,116497,179602,296099,60634,121198,181832,8649,28186,36835
2021-06-29,728855,1077768,1806623,38197,64850,103047,66039,118887,184926,156326,198498,354824,145016,183757,328773,137131,182052,319183,116740,180023,296763,60743,121432,182175,8663,28269,36932
2021-06-30,748357,1097015,1845372,38349,65048,103397,71174,123781,194955,168560,210128,378688,145685,184410,330095,138292,183576,321868,116845,180213,297058,60779,121526,182305,8673,28333,37006
2021-07-01,761039,1110332,1871371,38455,65263,103718,75963,128523,204486,174078,215328,389406,146636,185458,332094,139093,184670,323763,117198,180786,297984,60917,121852,182769,8699,28452,37151
2021-07-02,770845,1128516,1899361,39037,66448,105485,78309,132277,210586,175598,217059,392657,146984,185969,332953,139914,186045,325959,117839,181980,299819,63994,128686,192680,9170,30052,39222
2021-07-03,781715,1140736,1922451,39053,66484,105537,84349,137590,221939,178146,219773,397919,147481,186540,334021,140302,186541,326843,118172,182603,300775,64914,130654,195568,9298,30551,39849
2021-07-04,792093,1150992,1943085,39567,67326,106893,93530,146028,239558,178551,220239,398790,147608,186658,334266,140359,186619,326978,118228,182682,300910,64942,130807,195749,9308,30633,39941
2021-07-05,797129,1156467,1953596,39830,67728,107558,97047,149027,246074,178797,220523,399320,147744,186787,334531,140678,187081,327759,118463,183086,301549,65219,131411,196630,9351,30824,40175
2021-07-06,810099,1168588,1978687,40253,68390,108643,108635,158849,267484,179064,220849,399913,147931,187028,334959,140858,187289,328147,118566,183303,301869,65405,131899,197304,9387,30981,40368
2021-07-07,815691,1174791,1990482,40402,68536,108938,112559,162404,274963,179718,221751,401469,148183,187413,335596,140996,187501,328497,118715,183611,302326,65685,132441,198126,9433,31134,40567
2021-07-08,834462,1191036,2025498,40765,69066,109831,127571,174686,302257,181997,223803,405800,148888,188144,337032,141278,187857,329135,118785,183737,302522,65730,132571,198301,9448,31172,40620
2021-07-09,847268,1204027,2051295,41439,69789,111228,136243,182903,319146,184195,225995,410190,149721,188973,338694,141544,188272,329816,118923,184257,303180,65751,132647,198398,9452,31191,40643
2021-07-10,858008,1215452,2073460,42889,71545,114434,144186,190711,334897,184562,226417,410979,149896,189203,339099,142007,188818,330825,119177,184680,303857,65828,132838,198666,9463,31240,40703
2021-07-11,860127,1219055,2079182,43144,71904,115048,145246,191989,337235,184716,226786,411502,149968,189393,339361,142031,188856,330887,119282,184884,304166,66225,133789,200014,9515,31454,40969
2021-07-12,878030,1235012,2113042,46179,74841,121020,159185,203722,362907,185154,227313,412467,150195,189665,339860,142138,189025,331163,119342,185010,304352,66305,133935,200240,9532,31501,41033
2021-07-13,888305,1243737,2132042,47955,76461,124416,166521,209692,376213,185894,227937,413831,150465,189937,340402,142233,189126,331359,119380,185074,304454,66319,133979,200298,9538,31531,41069
2021-07-14,891728,1246998,2138726,48580,77166,125746,168778,211576,380354,186194,228294,414488,150620,190100,340720,142283,189189,331472,119395,185119,304514,66334,134005,200339,9544,31549,41093
2021-07-15,905634,1266491,2172125,48993,77850,126843,170045,213920,383965,193036,235318,428354,151818,192439,344257,142991,190323,333314,121950,188871,310821,67135,135766,202901,9666,32004,41670
2021-07-16,919367,1286084,2205451,49326,78262,127588,171043,216882,387925,200277,243339,443616,152311,193113,345424,143139,190516,333655,126000,194864,320864,67535,136824,204359,9736,32284,42020
2021-07-17,931489,1299440,2230929,50712,79990,130702,176150,222243,398393,204520,247793,452313,153084,193954,347038,143382,190776,334158,126291,195363,321654,67599,136993,204592,9751,32328,42079
2021-07-18,942634,1311349,2253983,53699,83764,137463,179022,224862,403884,208123,251395,459518,154515,195401,349916,143548,191007,334555,126355,195501,321856,67618,137070,204688,9754,32349,42103
2021-07-19,959189,1329195,2288384,56371,87047,143418,180470,227406,407876,218935,261365,480300,155609,196487,352096,143746,191231,334977,126487,195710,322197,67770,137485,205255,9801,32464,42265
2021-07-20,977501,1348696,2326197,63754,95472,159226,182950,230267,413217,226239,268055,494294,156316,197246,353562,143932,191459,335391,126639,195999,322638,67852,137675,205527,9819,32523,42342
2021-07-21,996032,1367471,2363503,77677,109494,187171,186247,233554,419801,226917,268768,495685,156644,197557,354201,144082,191606,335688,126763,196222,322985,67876,137724,205600,9826,32546,42372
2021-07-22,1015003,1384857,2399860,90656,121111,211767,190317,237134,427451,228077,269917,497994,157139,198161,355300,144243,191835,336078,126831,196316,323147,67905,137801,205706,9835,32582,42417
2021-07-23,1030469,1402362,2432831,96601,128235,224836,193108,240014,433122,233718,275928,509646,157921,199101,357022,144439,192132,336571,126909,196448,323357,67935,137887,205822,9838,32617,42455
2021-07-24,1044694,1416954,2461648,97332,129207,226539,193591,240467,434058,239377,281385,520762,164844,206171,371015,144693,192447,337140,127001,196567,323568,68012,138044,206056,9844,32666,42510
2021-07-25,1056281,1430789,2487070,104235,138298,242533,196514,243231,439745,240275,282418,522693,165462,206790,372252,144885,192652,337537,127035,196624,323659,68027,138084,206111,9848,32692,42540
2021-07-26,1073769,1452556,2526325,109764,145279,255043,200933,248909,449842,244835,287800,532635,167866,209509,377375,145248,193152,338400,127178,196931,324109,68089,138231,206320,9856,32745,42601
2021-07-27,1088918,1471238,2560156,116812,153528,270340,203889,252717,456606,247617,291385,539002,169098,210971,380069,146045,194035,340080,127410,197323,324733,68172,138469,206641,9875,32810,42685
2021-07-28,1106643,1491633,2598276,132063,170661,302724,205150,254190,459340,248333,292399,540732,169408,211430,380838,146173,194204,340377,127444,197405,324849,68188,138515,206703,9884,32829,42713
2021-07-29,1125573,1509791,2635364,147213,184873,332086,207135,256056,463191,249396,293621,543017,169889,211951,381840,146338,194377,340715,127507,197481,324988,68204,138566,206770,9891,32866,42757
2021-07-30,1142105,1526109,2668214,152977,190193,343170,213184,261924,475108,252749,297073,549822,170932,213110,384042,146566,194656,341222,127564,197623,325187,68238,138623,206861,9895,32907,42802
2021-07-31,1156564,1537298,2693862,154594,191907,346501,220858,268541,489399,257021,299086,556107,171558,213599,385157,146761,194843,341604,127613,197701,325314,68258,138684,206942,9901,32937,42838
2021-08-01,1162893,1545025,2707918,156009,193793,349802,223673,272029,495702,258395,300502,558897,172034,214139,386173,146944,195074,342018,127660,197796,325456,68274,138732,207006,9904,32960,42864
2021-08-02,1181475,1563065,2744540,158961,197121,356082,234798,281884,516682,261970,304202,566172,172714,214888,387602,147115,195303,342418,127717,197900,325617,68290,138788,207078,9910,32979,42889
2021-08-03,1197851,1578360,2776211,166981,204424,371405,237755,284559,522314,264544,306384,570928,175180,217584,392764,147397,195575,342972,127772,197987,325759,68305,138844,207149,9917,33003,42920
2021-08-04,1210756,1593547,2804303,168949,206962,375911,240481,287410,527891,266147,308382,574529,181513,224995,406508,147581,195806,343387,127840,198080,325920,68325,138891,207216,9920,33021,42941
2021-08-05,1219898,1602472,2822370,172648,210434,383082,244077,290800,534877,267412,309665,577077,181934,225491,407425,147704,195960,343664,127867,198162,326029,68335,138921,207256,9921,33039,42960
2021-08-06,1224316,1607812,2832128,173310,211211,384521,244934,291579,536513,267777,310012,577789,182138,225733,407871,148813,197429,346242,129057,199815,328872,68362,138978,207340,9925,33055,42980
2021-08-07,1234531,1622166,2856697,174401,212103,386504,244990,291643,536633,267820,310074,577894,182195,225790,407985,150110,199299,349409,136624,211002,347626,68451,139154,207605,9940,33101,43041
2021-08-08,1243566,1635054,2878620,174404,212118,386522,245000,291659,536659,267829,310087,577916,182222,225850,408072,155375,206514,361889,140220,216323,356543,68559,139364,207923,9957,33139,43096
2021-08-09,1257804,1654664,2912468,174539,212275,386814,245209,291872,537081,267999,310321,578320,183267,227374,410641,165962,221070,387032,142207,218988,361195,68652,139581,208233,9969,33183,43152
2021-08-10,1272120,1673593,2945713,174887,212692,387579,245703,292390,538093,269169,311148,580317,184612,229170,413782,173224,230860,404084,145764,224274,370038,68772,139823,208595,9989,33236,43225
2021-08-11,1287081,1690177,2977258,176201,213806,390007,245989,292837,538826,269470,311575,581045,187024,231786,418810,182047,239924,421971,147446,226907,374353,68899,140052,208951,10005,33290,43295
2021-08-12,1296700,1703045,2999745,176579,214230,390809,246243,293124,539367,269698,311847,581545,188827,234043,422870,185763,244222,429985,150542,231879,382421,69017,140344,209361,10031,33356,43387
2021-08-13,1309680,1721107,3030787,176690,214355,391045,246428,293303,539731,269840,312037,581877,189198,234490,423688,191326,251146,442472,156807,241176,397983,69312,141063,210375,10079,33537,43616
2021-08-14,1318039,1733746,3051785,176773,214487,391260,246575,293519,540094,269999,312346,582345,190787,236659,427446,196831,259276,456107,157583,242559,400142,69394,141305,210699,10097,33595,43692
2021-08-15,1329631,1746299,3075930,177236,215041,392277,247364,294479,541843,271409,313758,585167,197504,243659,441163,198520,260895,459415,158013,243308,401321,69470,141497,210967,10115,33662,43777
2021-08-16,1338857,1758003,3096860,178634,216608,395242,248489,295710,544199,273871,316656,590527,199372,245960,445332,199591,262266,461857,159158,245213,404371,69600,141834,211434,10142,33756,43898
2021-08-17,1354929,1771935,3126864,186158,223224,409382,254700,301120,555820,275236,317862,593098,200155,246371,446526,199730,262444,462174,159189,245278,404467,69614,141874,211488,10147,33762,43909
2021-08-18,1366350,1784211,3150561,190996,227810,418806,256107,302859,558966,276428,319227,595655,201904,248237,450141,201425,264141,465566,159655,246099,405754,69679,142034,211713,10156,33804,43960
2021-08-19,1372324,1790403,3162727,193405,230098,423503,256916,303650,560566,276899,319807,596706,203345,249626,452971,202002,264791,466793,159882,246498,406380,69714,142108,211822,10161,33825,43986
2021-08-20,1385505,1802677,3188182,195892,232649,428541,258424,304788,563212,278099,320797,598896,211042,256771,467813,202202,265029,467231,159949,246647,406596,69733,142159,211892,10164,33837,44001
2021-08-21,1394850,1814780,3209630,197476,234762,432238,260686,308119,568805,280283,323730,604013,213873,259849,473722,202576,265440,468016,160034,246795,406829,69753,142226,211979,10169,33859,44028
2021-08-22,1404725,1825948,3230673,199009,236699,435708,265921,313583,579504,282010,325829,607839,214825,260962,475787,202921,265857,468778,160101,246902,407003,69767,142255,212022,10171,33861,44032
2021-08-23,1422003,1841588,3263591,206342,243615,449957,273623,319864,593487,283323,327160,610483,215495,261671,477166,203122,266106,469228,160146,247000,407146,69780,142293,212073,10172,33879,44051
2021-08-24,1434430,1854772,3289202,215315,252846,468161,275532,321664,597196,284121,328108,612229,216032,262431,478463,203286,266379,469665,160181,247108,407289,69787,142339,212126,10176,33897,44073
2021-08-25,1450055,1870521,3320576,217662,255233,472895,276688,323192,599880,290867,334494,625361,220874,267159,488033,203685,266840,470525,160283,247259,407542,69816,142419,212235,10180,33925,44105
2021-08-26,1465094,1888063,3353157,219560,257706,477266,277601,324490,602091,291435,335312,626747,224599,270816,495415,210349,273678,484027,161383,249190,410573,69955,142838,212793,10212,34033,44245
2021-08-27,1483495,1906022,3389517,230477,268494,498971,280978,327233,608211,292436,336333,628769,227021,273305,500326,210888,274313,485201,161495,249379,410874,69983,142906,212889,10217,34059,44276
2021-08-28,1494531,1919308,3413839,238642,278949,517591,282617,328671,611288,293208,337051,630259,227354,273744,501098,210971,274425,485396,161530,249468,410998,69990,142935,212925,10219,34065,44284
2021-08-29,1505953,1932071,3438024,239611,280209,519820,283165,329370,612535,295216,339147,634363,234766,281746,516512,211287,274832,486119,161647,249696,411343,70037,142993,213030,10224,34078,44302
2021-08-30,1521876,1948766,3470642,243626,283874,527500,285508,331667,617175,298375,342106,640481,238660,285683,524343,212928,276939,489867,162389,250991,413380,70153,143338,213491,10237,34168,44405
2021-08-31,1537422,1966000,3503422,254748,296545,551293,287492,333468,620960,299936,343720,643656,239284,286392,525676,213098,277192,490290,162453,251105,413558,70169,143392,213561,10242,34186,44428
2021-09-01,1553416,1983082,3536498,269170,310898,580068,288086,334115,622201,300313,344230,644543,239549,286864,526413,213332,277924,491256,162540,251392,413932,70183,143462,213645,10243,34197,44440
2021-09-02,1569340,2002089,3571429,278868,320610,599478,289620,336474,626094,302962,348070,651032,241062,289177,530239,213688,278419,492107,162691,251603,414294,70203,143530,213733,10246,34206,44452
2021-09-03,1583979,2019237,3603216,284945,326725,611670,291245,338212,629457,307271,353804,661075,242674,291317,533991,214510,279464,493974,162853,251883,414736,70232,143602,213834,10249,34230,44479
2021-09-04,1596107,2031269,3627376,288236,330028,618264,294678,341382,636060,311991,358563,670554,243199,291848,535047,214624,279627,494251,162891,251953,414844,70238,143634,213872,10250,34234,44484
2021-09-05,1608339,2043366,3651705,289496,331363,620859,297091,343683,640774,319626,366065,685691,243956,292575,536531,214747,279799,494546,162929,251991,414920,70243,143650,213893,10251,34240,44491
2021-09-06,1624579,2059329,3683908,291075,332851,623926,297754,344433,642187,330477,376817,707294,246568,294827,541395,215162,280302,495464,163021,252134,415155,70263,143712,213975,10259,34253,44512
2021-09-07,1642679,2079429,3722108,292029,334211,626240,299419,346940,646359,338587,384421,723008,250219,298634,548853,218104,283732,501836,163679,253158,416837,70357,144014,214371,10285,34319,44604
2021-09-08,1653056,2089848,3742904,294499,336367,630866,302059,349422,651481,341581,387528,729109,251670,300212,551882,218720,284392,503112,163844,253435,417279,70393,144136,214529,10290,34356,44646
2021-09-09,1668155,2104785,3772940,296944,338960,635904,311227,357813,669040,343744,389889,733633,252716,301373,554089,218934,284652,503586,163891,253527,417418,70406,144203,214609,10293,34368,44661
2021-09-10,1673164,2110170,3783334,299205,341120,640325,312001,358763,670764,344125,390304,734429,253904,302674,556578,219262,285053,504315,163950,253646,417596,70422,144238,214660,10295,34372,44667
2021-09-11,1676543,2113417,3789960,299883,341801,641684,313657,360151,673808,344382,390599,734981,254590,303428,558018,219335,285132,504467,163977,253678,417655,70424,144253,214677,10295,34375,44670
2021-09-12,1677400,2114391,3791791,300100,342080,642180,314000,360483,674483,344566,390815,735381,254680,303540,558220,219353,285152,504505,163982,253690,417672,70424,144255,214679,10295,34376,44671
2021-09-13,1684775,2121644,3806419,304454,346592,651046,316631,362786,679417,344771,391038,735809,254795,303659,558454,219392,285189,504581,163999,253713,417712,70432,144280,214712,10301,34387,44688
2021-09-14,1691205,2129202,3820407,304939,347187,652126,317040,363252,680292,345159,391486,736645,259017,308163,567180,220138,286432,506570,164152,253931,418083,70456,144342,214798,10304,34409,44713
2021-09-15,1708714,2149037,3857751,306073,348758,654831,318668,365549,684217,348535,395329,743864,267691,316977,584668,222514,289162,511676,164384,254337,418721,70527,144477,215004,10322,34448,44770
2021-09-16,1725288,2167925,3893213,308448,352145,660593,328230,375632,703862,350924,397898,748822,269047,318636,587683,223233,289991,513224,164513,254583,419096,70563,144570,215133,10330,34470,44800
2021-09-17,1739216,2182055,3921271,316848,360688,677536,331354,378534,709888,352213,399221,751434,269836,319497,589333,223459,290292,513751,164587,254704,419291,70584,144631,215215,10335,34488,44823
2021-09-18,1751391,2195208,3946599,325430,369650,695080,333469,380733,714202,353120,400356,753476,270284,320093,590377,223554,290462,514016,164605,254763,419368,70592,144658,215250,10337,34493,44830
2021-09-19,1760499,2204444,3964943,330705,374698,705403,335573,382856,718429,354147,401482,755629,270788,320643,591431,223682,290644,514326,164658,254896,419554,70608,144718,215326,10338,34507,44845
2021-09-20,1767618,2211300,3978918,334118,377984,712102,337757,384714,722471,354993,402387,757380,271210,321091,592301,223850,290845,514695,164731,255013,419744,70618,144751,215369,10341,34515,44856
2021-09-21,1779861,2222717,4002578,344057,387200,731257,339085,385776,724861,355532,402924,758456,271495,321434,592929,223958,291011,514969,164761,255073,419834,70629,144773,215402,10344,34526,44870
2021-09-22,1788428,2230477,4018905,349566,392039,741605,341075,387393,728468,356102,403511,759613,271785,321793,593578,224087,291178,515265,164820,255199,420019,70645,144816,215461,10348,34548,44896
2021-09-23,1794182,2236331,4030513,353494,396066,749560,342136,388340,730476,356541,403969,760510,272014,322055,594069,224142,291267,515409,164852,255248,420100,70655,144834,215489,10348,34552,44900
2021-09-24,1799861,2242163,4042024,356436,399098,755534,343347,389547,732894,357511,404896,762407,272431,322488,594919,224239,291404,515643,164885,255314,420199,70664,144857,215521,10348,34559,44907
2021-09-25,1803523,2245220,4048743,357561,400028,757589,344667,390384,735051,358079,405505,763584,272931,323022,595953,224362,291510,515872,164902,255341,420243,70672,144868,215540,10349,34562,44911
2021-09-26,1815749,2256392,4072141,358232,400780,759012,346275,392038,738313,363130,409933,773063,277451,326826,604277,224673,291874,516547,164953,255445,420398,70684,144924,215608,10351,34572,44923
2021-09-27,1827388,2267100,4094488,360035,402946,762981,351612,396684,748296,366234,412532,778766,278608,327764,606372,224852,292107,516959,164994,255517,420511,70701,144964,215665,10352,34586,44938
