FECHA,TotalM,TotalF,Total,<=30M,<=30F,<=30,31-40M,31-40F,31-40,41-50M,41-50F,41-50,51-60M,51-60F,51-60,61-70M,61-70F,61-70,71-80M,71-80F,71-80,81-90M,81-90F,81-90,>=91M,>=91F,>=91
2020-12-29,259,411,670,38,68,106,92,125,217,79,134,213,49,82,131,1,2,3,0,0,0,0,0,0,0,0,0
2020-12-30,300,484,784,45,99,144,107,143,250,90,150,240,56,91,147,2,1,3,0,0,0,0,0,0,0,0,0
2020-12-31,37,44,81,7,3,10,12,16,28,12,16,28,6,8,14,0,1,1,0,0,0,0,0,0,0,0,0
2021-01-01,0,0,0,0,0,0,0,0,0,0,0,0,0,0,0,0,0,0,0,0,0,0,0,0,0,0,0
2021-01-02,140,243,383,14,28,42,54,95,149,47,67,114,24,52,76,1,1,2,0,0,0,0,0,0,0,0,0
2021-01-03,49,99,148,8,14,22,22,41,63,11,28,39,8,16,24,0,0,0,0,0,0,0,0,0,0,0,0
2021-01-04,320,525,845,57,91,148,102,188,290,93,153,246,67,93,160,1,0,1,0,0,0,0,0,0,0,0,0
2021-01-05,470,730,1200,69,128,197,196,242,438,119,218,337,85,138,223,1,3,4,0,1,1,0,0,0,0,0,0
2021-01-06,515,773,1288,90,146,236,196,233,429,142,225,367,86,168,254,1,1,2,0,0,0,0,0,0,0,0,0
2021-01-07,526,893,1419,85,157,242,179,309,488,149,259,408,113,168,281,0,0,0,0,0,0,0,0,0,0,0,0
2021-01-08,665,1178,1843,121,230,351,225,403,628,191,338,529,123,204,327,5,3,8,0,0,0,0,0,0,0,0,0
2021-01-09,167,272,439,14,40,54,70,102,172,52,86,138,31,44,75,0,0,0,0,0,0,0,0,0,0,0,0
2021-01-10,208,359,567,33,48,81,89,151,240,53,102,155,31,58,89,2,0,2,0,0,0,0,0,0,0,0,0
2021-01-11,657,1192,1849,111,258,369,265,402,667,174,323,497,105,206,311,2,3,5,0,0,0,0,0,0,0,0,0
2021-01-12,590,1089,1679,95,190,285,235,389,624,150,289,439,109,220,329,1,1,2,0,0,0,0,0,0,0,0,0
2021-01-13,465,890,1355,79,179,258,164,323,487,128,234,362,93,154,247,1,0,1,0,0,0,0,0,0,0,0,0
2021-01-14,798,1416,2214,169,279,448,292,488,780,216,394,610,121,254,375,0,1,1,0,0,0,0,0,0,0,0,0
2021-01-15,1192,2220,3412,215,451,666,465,771,1236,306,613,919,206,382,588,0,3,3,0,0,0,0,0,0,0,0,0
2021-01-16,474,854,1328,96,153,249,176,327,503,120,242,362,82,132,214,0,0,0,0,0,0,0,0,0,0,0,0
2021-01-17,285,544,829,66,93,159,113,214,327,72,153,225,34,84,118,0,0,0,0,0,0,0,0,0,0,0,0
2021-01-18,188,316,504,28,54,82,61,104,165,56,103,159,43,55,98,0,0,0,0,0,0,0,0,0,0,0,0
2021-01-19,284,469,753,36,67,103,81,169,250,94,145,239,71,87,158,2,1,3,0,0,0,0,0,0,0,0,0
2021-01-20,291,505,796,31,96,127,109,150,259,87,158,245,64,98,162,0,3,3,0,0,0,0,0,0,0,0,0
2021-01-21,129,191,320,23,30,53,44,53,97,35,65,100,22,41,63,5,1,6,0,1,1,0,0,0,0,0,0
2021-01-22,38,50,88,7,10,17,15,14,29,12,17,29,2,8,10,1,1,2,1,0,1,0,0,0,0,0,0
2021-01-23,118,200,318,10,21,31,45,79,124,39,60,99,23,40,63,1,0,1,0,0,0,0,0,0,0,0,0
2021-01-24,44,88,132,5,9,14,20,37,57,11,26,37,8,16,24,0,0,0,0,0,0,0,0,0,0,0,0
2021-01-25,282,461,743,45,77,122,84,148,232,81,144,225,70,90,160,2,2,4,0,0,0,0,0,0,0,0,0
2021-01-26,383,654,1037,43,105,148,148,186,334,107,219,326,80,140,220,5,4,9,0,0,0,0,0,0,0,0,0
2021-01-27,450,663,1113,75,116,191,170,195,365,119,195,314,82,155,237,4,2,6,0,0,0,0,0,0,0,0,0
2021-01-28,460,807,1267,76,145,221,152,273,425,128,225,353,103,163,266,1,1,2,0,0,0,0,0,0,0,0,0
2021-01-29,634,1061,1695,102,188,290,242,375,617,182,307,489,104,187,291,4,4,8,0,0,0,0,0,0,0,0,0
2021-01-30,152,260,412,19,39,58,59,104,163,45,77,122,29,40,69,0,0,0,0,0,0,0,0,0,0,0,0
2021-01-31,118,225,343,23,33,56,42,93,135,32,60,92,20,39,59,1,0,1,0,0,0,0,0,0,0,0,0
2021-02-01,547,944,1491,91,175,266,225,332,557,150,255,405,80,178,258,1,4,5,0,0,0,0,0,0,0,0,0
2021-02-02,1183,2005,3188,113,244,357,289,465,754,206,439,645,226,462,688,306,364,670,37,29,66,5,2,7,1,0,1
2021-02-03,1268,2312,3580,138,327,465,324,617,941,253,546,799,247,474,721,267,318,585,36,28,64,3,2,5,0,0,0
2021-02-04,1242,2327,3569,159,324,483,359,665,1024,292,566,858,221,482,703,167,251,418,39,36,75,4,3,7,1,0,1
2021-02-05,1911,3713,5624,280,578,858,620,1171,1791,405,909,1314,358,735,1093,191,276,467,52,42,94,5,2,7,0,0,0
2021-02-06,442,808,1250,81,119,200,136,277,413,116,230,346,86,155,241,22,26,48,1,1,2,0,0,0,0,0,0
2021-02-07,353,652,1005,54,90,144,113,237,350,110,192,302,58,111,169,16,21,37,2,1,3,0,0,0,0,0,0
2021-02-08,868,1594,2462,128,280,408,278,503,781,211,427,638,150,271,421,89,103,192,11,10,21,1,0,1,0,0,0
2021-02-09,992,1931,2923,141,342,483,304,571,875,227,462,689,181,403,584,120,146,266,14,7,21,5,0,5,0,0,0
2021-02-10,541,1029,1570,83,165,248,134,325,459,145,264,409,108,206,314,59,62,121,9,7,16,3,0,3,0,0,0
2021-02-11,453,1067,1520,71,181,252,144,348,492,97,269,366,71,198,269,57,63,120,12,8,20,1,0,1,0,0,0
2021-02-12,515,960,1475,74,159,233,169,334,503,118,279,397,91,139,230,47,41,88,13,8,21,3,0,3,0,0,0
2021-02-13,28,44,72,2,8,10,11,17,28,6,9,15,8,9,17,0,1,1,1,0,1,0,0,0,0,0,0
2021-02-14,6,25,31,2,7,9,2,8,10,0,10,10,2,0,2,0,0,0,0,0,0,0,0,0,0,0,0
2021-02-15,0,0,0,0,0,0,0,0,0,0,0,0,0,0,0,0,0,0,0,0,0,0,0,0,0,0,0
2021-02-16,11,36,47,1,1,2,8,18,26,2,13,15,0,3,3,0,0,0,0,1,1,0,0,0,0,0,0
2021-02-17,802,1509,2311,128,229,357,249,452,701,170,432,602,146,286,432,97,106,203,12,4,16,0,0,0,0,0,0
2021-02-18,1858,3896,5754,219,542,761,528,1050,1578,380,1027,1407,364,785,1149,269,391,660,79,95,174,19,6,25,0,0,0
2021-02-19,1679,3821,5500,197,535,732,450,1117,1567,430,984,1414,309,736,1045,212,336,548,66,103,169,12,10,22,3,0,3
2021-02-20,456,787,1243,45,84,129,138,273,411,112,193,305,88,150,238,53,82,135,19,5,24,1,0,1,0,0,0
2021-02-21,328,504,832,35,65,100,93,187,280,80,131,211,79,86,165,33,30,63,6,5,11,2,0,2,0,0,0
2021-02-22,3424,6242,9666,195,446,641,352,864,1216,271,700,971,255,546,801,312,314,626,395,533,928,1477,2413,3890,167,426,593
2021-02-23,3969,7387,11356,251,528,779,445,1097,1542,427,1002,1429,363,800,1163,478,613,1091,356,494,850,1471,2418,3889,178,435,613
2021-02-24,4053,7608,11661,257,464,721,552,1053,1605,447,966,1413,327,752,1079,385,506,891,400,617,1017,1521,2747,4268,164,503,667
2021-02-25,4042,7542,11584,235,532,767,525,1090,1615,494,897,1391,372,787,1159,346,493,839,335,573,908,1531,2661,4192,204,509,713
2021-02-26,3912,7869,11781,251,561,812,545,1120,1665,380,954,1334,396,857,1253,354,506,860,359,530,889,1439,2774,4213,188,567,755
2021-02-27,525,1105,1630,40,74,114,99,129,228,88,122,210,60,107,167,56,103,159,64,129,193,103,310,413,15,131,146
2021-02-28,155,353,508,15,17,32,30,58,88,17,35,52,13,17,30,35,33,68,15,38,53,25,93,118,5,62,67
2021-03-01,3085,6081,9166,111,234,345,263,530,793,224,399,623,165,383,548,193,250,443,358,560,918,1571,3193,4764,200,532,732
2021-03-02,3039,5883,8922,126,301,427,231,504,735,174,428,602,156,346,502,187,313,500,371,571,942,1585,2910,4495,209,510,719
2021-03-03,2882,5821,8703,133,258,391,250,595,845,221,496,717,159,388,547,138,236,374,305,519,824,1462,2786,4248,214,543,757
2021-03-04,1284,2874,4158,123,320,443,233,556,789,190,420,610,139,331,470,120,227,347,118,204,322,329,677,1006,32,139,171
2021-03-05,1119,2605,3724,95,246,341,248,578,826,197,548,745,165,401,566,120,217,337,75,143,218,186,391,577,33,81,114
2021-03-06,657,2330,2987,40,239,279,175,526,701,135,509,644,102,428,530,28,56,84,66,145,211,88,306,394,23,121,144
2021-03-07,648,2067,2715,35,191,226,146,490,636,147,456,603,122,361,483,35,44,79,68,132,200,75,251,326,20,142,162
2021-03-08,1457,3333,4790,92,255,347,185,444,629,135,390,525,138,350,488,131,274,405,179,308,487,525,1010,1535,72,302,374
2021-03-09,3763,6849,10612,157,306,463,334,685,1019,272,533,805,252,503,755,271,355,626,419,670,1089,1832,3128,4960,226,669,895
2021-03-10,4049,8726,12775,213,519,732,388,1124,1512,338,1110,1448,348,995,1343,224,334,558,404,646,1050,1886,3324,5210,248,674,922
2021-03-11,5188,12328,17516,410,915,1325,745,2034,2779,565,2187,2752,525,1623,2148,367,537,904,444,739,1183,1922,3652,5574,210,641,851
2021-03-12,3816,10315,14131,432,1052,1484,835,2529,3364,682,2529,3211,580,1862,2442,290,460,750,231,328,559,660,1283,1943,106,272,378
2021-03-13,1499,5108,6607,194,785,979,422,1505,1927,379,1402,1781,299,963,1262,90,129,219,30,79,109,68,176,244,17,69,86
2021-03-14,1044,3955,4999,97,513,610,305,1104,1409,292,1224,1516,242,936,1178,80,133,213,25,40,65,3,5,8,0,0,0
2021-03-15,2978,8978,11956,261,1028,1289,647,2214,2861,555,2166,2721,504,1691,2195,285,522,807,212,327,539,446,901,1347,68,129,197
2021-03-16,3930,9460,13390,267,844,1111,612,1782,2394,564,1721,2285,462,1428,1890,334,600,934,377,573,950,1204,2199,3403,110,313,423
2021-03-17,4181,9255,13436,295,681,976,622,1705,2327,579,1619,2198,448,1225,1673,392,707,1099,424,676,1100,1277,2309,3586,144,333,477
2021-03-18,4389,9879,14268,339,904,1243,748,1935,2683,685,1775,2460,582,1440,2022,326,592,918,441,694,1135,1128,2155,3283,140,384,524
2021-03-19,4171,9927,14098,358,1000,1358,783,2070,2853,777,1876,2653,632,1500,2132,254,388,642,302,511,813,913,2048,2961,152,534,686
2021-03-20,2187,4944,7131,70,222,292,208,476,684,191,465,656,197,471,668,458,1077,1535,385,623,1008,580,1300,1880,98,310,408
2021-03-21,1675,3466,5141,24,63,87,71,134,205,43,81,124,95,195,290,638,1420,2058,419,687,1106,331,709,1040,54,177,231
2021-03-22,2094,4492,6586,167,299,466,314,694,1008,245,579,824,232,644,876,577,1448,2025,469,685,1154,77,118,195,13,25,38
2021-03-23,3030,6970,10000,121,272,393,264,586,850,218,536,754,206,461,667,409,871,1280,455,743,1198,1156,2718,3874,201,783,984
2021-03-24,1860,4130,5990,6,17,23,12,28,40,10,27,37,38,62,100,238,566,804,343,658,1001,1056,2270,3326,157,502,659
2021-03-25,2112,4306,6418,131,300,431,261,564,825,247,440,687,162,322,484,94,156,250,306,461,767,790,1656,2446,121,407,528
2021-03-26,1112,2642,3754,37,98,135,109,199,308,78,175,253,89,141,230,122,386,508,182,394,576,413,929,1342,82,320,402
2021-03-27,738,1864,2602,2,6,8,5,15,20,3,13,16,5,22,27,17,40,57,151,330,481,486,1082,1568,69,356,425
2021-03-28,710,1886,2596,2,4,6,3,7,10,1,10,11,8,13,21,30,40,70,142,259,401,433,1144,1577,91,409,500
2021-03-29,2307,5854,8161,201,529,730,422,1098,1520,349,902,1251,281,744,1025,151,288,439,239,397,636,553,1406,1959,111,490,601
2021-03-30,3157,7248,10405,122,298,420,245,660,905,229,538,767,1055,2378,3433,768,1248,2016,370,695,1065,305,1044,1349,63,387,450
2021-03-31,4168,8522,12690,232,529,761,494,1242,1736,433,1083,1516,237,500,737,162,221,383,2047,3172,5219,462,1297,1759,101,478,579
2021-04-01,4532,7589,12121,24,29,53,28,83,111,541,1036,1577,387,754,1141,68,202,270,3068,4355,7423,350,863,1213,66,267,333
2021-04-02,4414,7219,11633,1,3,4,2,6,8,910,1736,2646,8,14,22,15,26,41,3167,4651,7818,273,612,885,38,171,209
2021-04-03,3753,6084,9837,1,8,9,5,4,9,9,7,16,8,7,15,9,11,20,3580,5641,9221,107,292,399,34,114,148
2021-04-04,1106,1748,2854,0,0,0,1,1,2,2,7,9,4,4,8,18,16,34,1071,1692,2763,5,17,22,5,11,16
2021-04-05,6080,9813,15893,87,130,217,75,202,277,77,210,287,82,199,281,137,196,333,5461,8517,13978,129,264,393,32,95,127
2021-04-06,6846,11033,17879,105,150,255,125,230,355,70,152,222,63,123,186,113,185,298,6109,9552,15661,217,488,705,44,153,197
2021-04-07,7565,11922,19487,92,121,213,125,267,392,75,174,249,79,142,221,653,812,1465,6133,9501,15634,345,728,1073,63,177,240
2021-04-08,8488,12109,20597,164,165,329,210,273,483,103,159,262,85,170,255,1527,2234,3761,6221,8810,15031,154,220,374,24,78,102
2021-04-09,7352,11291,18643,128,250,378,224,388,612,123,259,382,90,187,277,1342,1857,3199,5267,7877,13144,147,334,481,31,139,170
2021-04-10,3105,4765,7870,49,108,157,64,151,215,77,121,198,54,122,176,656,1007,1663,2144,3172,5316,54,54,108,7,30,37
2021-04-11,2913,4622,7535,48,108,156,97,182,279,53,163,216,65,166,231,599,910,1509,2018,3000,5018,29,62,91,4,31,35
2021-04-12,8118,12535,20653,131,243,374,181,352,533,116,228,344,109,196,305,1613,2308,3921,5854,8927,14781,90,200,290,24,81,105
2021-04-13,7680,11786,19466,206,188,394,231,337,568,220,234,454,194,373,567,1967,3418,5385,4719,6877,11596,123,262,385,20,97,117
2021-04-14,6603,9808,16411,233,76,309,182,166,348,156,186,342,66,68,134,816,1026,1842,3839,5933,9772,1170,1954,3124,141,399,540
2021-04-15,3286,5715,9001,137,46,183,101,41,142,80,24,104,42,47,89,1294,2817,4111,1530,2490,4020,83,195,278,19,55,74
2021-04-16,3805,5743,9548,100,33,133,48,27,75,42,24,66,16,18,34,631,839,1470,2585,3850,6435,320,759,1079,63,193,256
2021-04-17,318,488,806,16,14,30,25,17,42,37,33,70,37,31,68,43,40,83,140,272,412,18,57,75,2,24,26
2021-04-18,148,162,310,16,6,22,22,16,38,30,33,63,43,29,72,9,17,26,15,17,32,9,29,38,4,15,19
2021-04-19,4048,6366,10414,159,30,189,64,13,77,50,17,67,15,12,27,492,679,1171,2807,4397,7204,396,980,1376,65,238,303
2021-04-20,6170,10596,16766,163,63,226,81,69,150,67,87,154,453,1061,1514,3018,4935,7953,1606,2445,4051,584,1340,1924,198,596,794
2021-04-21,8415,12094,20509,84,46,130,49,45,94,47,45,92,85,215,300,7759,10936,18695,331,624,955,47,127,174,13,56,69
2021-04-22,10071,13938,24009,47,47,94,39,46,85,32,52,84,42,68,110,9462,12977,22439,371,592,963,69,124,193,9,32,41
2021-04-23,10202,13208,23410,26,47,73,47,55,102,51,75,126,70,76,146,9732,12354,22086,218,391,609,50,142,192,8,68,76
2021-04-24,2916,3518,6434,5,9,14,5,8,13,15,16,31,18,22,40,2619,3192,5811,215,188,403,29,63,92,10,20,30
2021-04-25,81,124,205,2,2,4,4,3,7,5,12,17,9,7,16,57,79,136,2,9,11,0,8,8,2,4,6
2021-04-26,1506,2383,3889,14,5,19,12,14,26,9,10,19,5,16,21,1317,2014,3331,128,222,350,15,76,91,6,26,32
2021-04-27,1387,2863,4250,76,72,148,49,92,141,43,67,110,34,58,92,903,1672,2575,231,722,953,45,143,188,6,37,43
2021-04-28,7071,16052,23123,725,1836,2561,1551,4314,5865,1288,3853,5141,1016,2959,3975,2247,2636,4883,204,322,526,34,96,130,6,36,42
2021-04-29,6543,13171,19714,453,1323,1776,1078,3200,4278,1034,2998,4032,864,2364,3228,2739,2678,5417,297,376,673,58,166,224,20,66,86
2021-04-30,1330,1990,3320,71,125,196,96,177,273,49,96,145,33,74,107,833,1114,1947,201,281,482,36,81,117,11,42,53
2021-05-01,539,1076,1615,13,31,44,60,103,163,23,61,84,23,42,65,311,593,904,91,158,249,16,59,75,2,29,31
2021-05-02,4305,9849,14154,308,942,1250,815,2173,2988,813,2075,2888,641,1625,2266,493,1051,1544,1191,1843,3034,38,99,137,6,41,47
2021-05-03,8207,11554,19761,56,105,161,103,165,268,52,89,141,823,1162,1985,4893,6499,11392,2181,3289,5470,82,185,267,17,60,77
2021-05-04,11569,14291,25860,92,125,217,97,177,274,48,99,147,1978,2471,4449,9031,10985,20016,267,315,582,43,78,121,13,41,54
2021-05-05,10656,15338,25994,122,189,311,213,191,404,230,137,367,574,670,1244,3115,4630,7745,6097,8745,14842,267,625,892,38,151,189
2021-05-06,3622,5369,8991,110,100,210,155,117,272,199,56,255,423,427,850,1656,2732,4388,991,1786,2777,68,114,182,20,37,57
2021-05-07,7970,13112,21082,136,288,424,228,519,747,197,386,583,258,509,767,1385,2813,4198,5627,8278,13905,115,231,346,24,88,112
2021-05-08,2392,15311,17703,183,1616,1799,470,3503,3973,506,4607,5113,565,3639,4204,576,1790,2366,68,94,162,14,40,54,10,22,32
2021-05-09,138,226,364,0,0,0,0,0,0,1,0,1,22,12,34,71,80,151,14,22,36,22,65,87,8,47,55
2021-05-10,830,2518,3348,26,42,68,31,54,85,28,44,72,149,252,401,317,1420,1737,198,462,660,65,170,235,16,74,90
2021-05-11,3293,3933,7226,21,36,57,31,61,92,33,55,88,629,745,1374,2397,2688,5085,131,187,318,37,103,140,14,58,72
2021-05-12,3567,4421,7988,35,34,69,46,62,108,43,63,106,683,796,1479,2488,2797,5285,170,376,546,86,204,290,16,89,105
2021-05-13,2903,5410,8313,57,108,165,96,236,332,79,161,240,181,316,497,888,1715,2603,1496,2520,4016,88,251,339,18,103,121
2021-05-14,1338,3069,4407,55,100,155,92,189,281,75,137,212,169,237,406,588,1474,2062,287,661,948,54,182,236,18,89,107
2021-05-15,6415,5175,11590,20,43,63,38,68,106,31,49,80,1197,1205,2402,4994,3460,8454,96,174,270,30,122,152,9,54,63
2021-05-16,873,2309,3182,58,192,250,208,701,909,253,710,963,177,401,578,129,155,284,25,42,67,13,75,88,10,33,43
2021-05-17,4282,4342,8624,53,90,143,173,421,594,107,291,398,840,781,1621,2820,2202,5022,232,384,616,41,113,154,16,60,76
2021-05-18,4571,3915,8486,29,53,82,63,77,140,63,82,145,863,846,1709,3416,2516,5932,100,199,299,28,96,124,9,46,55
2021-05-19,3458,3349,6807,41,101,142,111,215,326,46,117,163,632,639,1271,2446,1816,4262,137,328,465,35,92,127,10,41,51
2021-05-20,10575,11959,22534,72,145,217,150,240,390,88,180,268,2926,3315,6241,6591,6505,13096,576,1026,1602,147,440,587,25,108,133
2021-05-21,2151,4396,6547,105,261,366,189,548,737,108,400,508,97,347,444,450,833,1283,1119,1794,2913,75,159,234,8,54,62
2021-05-22,1525,2127,3652,53,76,129,42,62,104,23,63,86,208,261,469,968,1233,2201,195,342,537,31,70,101,5,20,25
2021-05-23,2376,2363,4739,25,46,71,26,67,93,25,41,66,1007,1090,2097,1186,883,2069,80,154,234,20,65,85,7,17,24
2021-05-24,694,1574,2268,37,82,119,66,133,199,39,101,140,224,240,464,272,881,1153,51,104,155,5,25,30,0,8,8
2021-05-25,4614,8494,13108,10,23,33,7,16,23,2,17,19,179,172,351,278,742,1020,479,837,1316,3253,5710,8963,406,977,1383
2021-05-26,2276,3411,5687,34,49,83,44,81,125,36,72,108,1072,965,2037,199,336,535,167,315,482,620,1316,1936,104,277,381
2021-05-27,9350,15030,24380,62,118,180,97,164,261,94,163,257,2682,2455,5137,285,209,494,691,1196,1887,4844,9115,13959,595,1610,2205
2021-05-28,10529,14880,25409,107,157,264,174,244,418,293,270,563,5793,6776,12569,231,241,472,520,818,1338,3030,5364,8394,381,1010,1391
2021-05-29,8972,8350,17322,4,8,12,10,12,22,631,474,1105,7763,6929,14692,190,231,421,77,130,207,263,490,753,34,76,110
2021-05-30,8315,7564,15879,7,10,17,7,10,17,1776,1543,3319,6381,5837,12218,84,78,162,23,28,51,31,47,78,6,11,17
2021-05-31,11553,15374,26927,95,178,273,164,286,450,6355,6058,12413,3402,5522,8924,613,870,1483,188,367,555,636,1708,2344,100,385,485
2021-06-01,11125,12605,23730,195,256,451,601,418,1019,7063,7375,14438,2188,2522,4710,116,173,289,162,278,440,735,1296,2031,65,287,352
2021-06-02,9063,12869,21932,618,653,1271,1706,2601,4307,4015,5290,9305,2026,2599,4625,165,230,395,129,218,347,333,955,1288,71,323,394
2021-06-03,12667,19498,32165,3020,5034,8054,5231,7966,13197,3265,4405,7670,577,847,1424,156,215,371,90,193,283,278,640,918,50,198,248
2021-06-04,13231,16276,29507,2965,3589,6554,4772,4744,9516,2952,4214,7166,1016,1394,2410,1053,1167,2220,303,530,833,134,491,625,36,147,183
2021-06-05,10915,10266,21181,2668,2377,5045,4781,3936,8717,1843,1729,3572,682,698,1380,655,740,1395,147,283,430,107,364,471,32,139,171
2021-06-06,8404,9799,18203,3042,4029,7071,3795,4095,7890,921,732,1653,423,376,799,76,81,157,57,131,188,68,210,278,22,145,167
2021-06-07,13637,14167,27804,3086,3356,6442,3302,2748,6050,3291,3142,6433,3334,3893,7227,381,401,782,123,221,344,87,264,351,33,142,175
2021-06-08,12642,17033,29675,1008,1488,2496,1359,2040,3399,1474,2053,3527,8081,9938,18019,148,197,345,192,329,521,323,721,1044,57,267,324
2021-06-09,12592,13144,25736,336,337,673,650,673,1323,705,559,1264,10706,11103,21809,94,130,224,55,87,142,32,146,178,14,109,123
2021-06-10,14275,14955,29230,764,862,1626,1053,1210,2263,1918,2007,3925,10102,10095,20197,291,374,665,87,157,244,41,162,203,19,88,107
2021-06-11,9767,15834,25601,199,236,435,469,307,776,749,662,1411,1382,1497,2879,136,241,377,929,1456,2385,5361,9845,15206,542,1590,2132
2021-06-12,6331,7859,14190,438,594,1032,610,797,1407,1353,1554,2907,3087,3028,6115,48,83,131,145,295,440,570,1184,1754,80,324,404
2021-06-13,4112,4400,8512,202,255,457,283,330,613,908,963,1871,2637,2724,5361,37,40,77,12,19,31,27,60,87,6,9,15
2021-06-14,6100,6687,12787,748,854,1602,1032,1070,2102,1351,1350,2701,2659,2822,5481,48,67,115,40,95,135,198,339,537,24,90,114
2021-06-15,13957,13671,27628,119,179,298,205,286,491,433,455,888,12541,11618,24159,216,224,440,144,309,453,260,482,742,39,118,157
2021-06-16,7606,10257,17863,422,631,1053,836,1056,1892,1791,2111,3902,2052,2243,4295,161,217,378,1894,2760,4654,377,922,1299,73,317,390
2021-06-17,11561,14284,25845,196,286,482,438,440,878,2984,3226,6210,4189,4303,8492,528,683,1211,2754,4060,6814,393,954,1347,79,332,411
2021-06-18,14444,15213,29657,662,826,1488,1066,1120,2186,8425,8026,16451,3212,3291,6503,402,544,946,489,797,1286,159,439,598,29,170,199
2021-06-19,10633,11574,22207,214,301,515,147,249,396,8304,8442,16746,1465,1436,2901,252,284,536,104,215,319,115,419,534,32,228,260
2021-06-20,5,5,10,0,2,2,2,0,2,1,2,3,1,0,1,0,1,1,1,0,1,0,0,0,0,0,0
2021-06-21,6027,6124,12151,24,23,47,40,57,97,5058,5010,10068,655,624,1279,157,190,347,68,93,161,19,90,109,6,37,43
2021-06-22,5106,5206,10312,157,258,415,215,285,500,2350,2219,4569,1732,1507,3239,445,486,931,147,211,358,42,160,202,18,80,98
2021-06-23,9606,9624,19230,141,241,382,190,363,553,7893,7562,15455,1106,926,2032,141,223,364,67,118,185,54,131,185,14,60,74
2021-06-24,15420,19469,34889,206,409,615,643,4174,4817,13094,13023,26117,1080,1187,2267,232,315,547,128,215,343,32,107,139,5,39,44
2021-06-25,12910,18798,31708,403,1188,1591,721,3043,3764,4837,4939,9776,968,1117,2085,4577,6218,10795,1176,1648,2824,192,505,697,36,140,176
2021-06-26,9323,12026,21349,38,42,80,39,53,92,844,839,1683,566,700,1266,6855,8734,15589,794,1215,2009,159,342,501,28,101,129
2021-06-27,8164,9017,17181,65,109,174,79,142,221,3527,3599,7126,2788,2817,5605,1050,1234,2284,550,827,1377,87,241,328,18,48,66
2021-06-28,17300,19740,37040,698,1671,2369,610,2419,3029,13840,12909,26749,1258,1285,2543,698,1015,1713,145,259,404,40,109,149,11,73,84
2021-06-29,18271,18682,36953,201,356,557,461,823,1284,15774,14925,30699,756,789,1545,713,1049,1762,243,423,666,109,234,343,14,83,97
2021-06-30,19597,19324,38921,160,205,365,5161,4908,10069,12275,11669,23944,680,659,1339,1170,1530,2700,105,192,297,36,95,131,10,66,76
2021-07-01,12776,13422,26198,113,224,337,4819,4766,9585,5555,5246,10801,959,1059,2018,808,1100,1908,357,576,933,139,328,467,26,123,149
2021-07-02,9873,18312,28185,589,1191,1780,2352,3768,6120,1523,1742,3265,355,525,880,828,1386,2214,649,1204,1853,3102,6881,9983,475,1615,2090
2021-07-03,10942,12323,23265,23,43,66,6054,5329,11383,2555,2731,5286,501,574,1075,414,540,954,338,629,967,929,1977,2906,128,500,628
2021-07-04,10440,10340,20780,515,845,1360,9198,8453,17651,408,470,878,134,124,258,89,131,220,57,80,137,28,154,182,11,83,94
2021-07-05,5064,5510,10574,267,406,673,3531,3012,6543,249,286,535,138,133,271,319,462,781,238,410,648,279,609,888,43,192,235
2021-07-06,13021,12176,25197,425,666,1091,11626,9853,21479,274,328,602,189,246,435,182,212,394,103,219,322,186,492,678,36,160,196
2021-07-07,5674,6310,11984,162,157,319,3952,3585,7537,678,930,1608,255,402,657,148,221,369,151,311,462,281,549,830,47,155,202
2021-07-08,18842,16308,35150,369,533,902,15051,12311,27362,2293,2070,4363,716,734,1450,282,360,642,70,127,197,46,132,178,15,41,56
2021-07-09,12860,13037,25897,676,726,1402,8692,8237,16929,2218,2200,4418,841,837,1678,268,416,684,139,522,661,22,78,100,4,21,25
2021-07-10,10795,11469,22264,1461,1762,3223,7965,7829,15794,383,431,814,179,232,411,464,549,1013,255,423,678,77,193,270,11,50,61
2021-07-11,2154,3660,5814,258,363,621,1068,1290,2358,161,382,543,72,201,273,24,40,64,112,206,318,406,962,1368,53,216,269
2021-07-12,17966,16000,33966,3050,2948,5998,13979,11751,25730,441,533,974,231,275,506,107,172,279,60,127,187,81,147,228,17,47,64
2021-07-13,10323,8782,19105,1784,1636,3420,7353,5992,13345,754,633,1387,273,278,551,99,103,202,40,65,105,14,45,59,6,30,36
2021-07-14,3480,3314,6794,635,718,1353,2283,1906,4189,307,368,675,161,166,327,56,63,119,17,47,64,15,27,42,6,19,25
2021-07-15,14007,19665,33672,424,711,1135,1287,2373,3660,6879,7062,13941,1204,2360,3564,714,1143,1857,2570,3780,6350,806,1775,2581,123,461,584
2021-07-16,13850,19746,33596,342,423,765,1022,2989,4011,7272,8060,15332,496,677,1173,152,198,350,4087,6051,10138,408,1067,1475,71,281,352
2021-07-17,12200,13453,25653,1407,1747,3154,5136,5398,10534,4258,4476,8734,780,851,1631,247,263,510,293,504,797,64,170,234,15,44,59
2021-07-18,11215,11971,23186,3001,3789,6790,2904,2636,5540,3617,3618,7235,1440,1457,2897,167,235,402,64,138,202,19,77,96,3,21,24
2021-07-19,16641,17958,34599,2688,3301,5989,1467,2564,4031,10849,10011,20860,1102,1101,2203,201,224,425,132,213,345,154,426,580,48,118,166
2021-07-20,18480,19673,38153,7440,8490,15930,2525,2895,5420,7344,6734,14078,722,770,1492,192,236,428,155,297,452,84,192,276,18,59,77
2021-07-21,18617,18853,37470,13959,14050,28009,3323,3310,6633,687,718,1405,335,322,657,156,153,309,126,226,352,24,50,74,7,24,31
2021-07-22,19032,17456,36488,13001,11642,24643,4085,3601,7686,1173,1163,2336,502,611,1113,164,232,396,69,94,163,29,77,106,9,36,45
2021-07-23,15520,17572,33092,5958,7130,13088,2806,2896,5702,5657,6045,11702,787,947,1734,199,301,500,79,132,211,31,86,117,3,35,38
2021-07-24,14257,14620,28877,738,975,1713,490,456,946,5668,5462,11130,6929,7083,14012,257,317,574,92,120,212,77,157,234,6,50,56
2021-07-25,11597,13848,25445,6904,9095,15999,2925,2769,5694,901,1033,1934,621,622,1243,193,206,399,34,57,91,15,40,55,4,26,30
2021-07-26,17575,21861,39436,5549,7003,12552,4434,5694,10128,4588,5404,9992,2419,2738,5157,369,511,880,146,311,457,62,147,209,8,53,61
2021-07-27,15244,18804,34048,7080,8282,15362,2980,3841,6821,2806,3606,6412,1240,1480,2720,801,896,1697,234,401,635,84,244,328,19,54,73
2021-07-28,17784,20476,38260,15274,17164,32438,1277,1489,2766,728,1029,1757,315,469,784,129,173,302,34,83,117,18,47,65,9,22,31
2021-07-29,19013,18229,37242,15190,14249,29439,2011,1880,3891,1070,1229,2299,485,527,1012,168,178,346,65,77,142,17,52,69,7,37,44
2021-07-30,16588,16378,32966,5791,5340,11131,6064,5884,11948,3362,3462,6824,1043,1166,2209,230,284,514,60,143,203,34,57,91,4,42,46
2021-07-31,14487,11224,25711,1624,1718,3342,7685,6634,14319,4278,2019,6297,630,493,1123,195,191,386,49,78,127,20,61,81,6,30,36
2021-08-01,6364,7773,14137,1427,1896,3323,2826,3496,6322,1380,1431,2811,480,547,1027,185,234,419,47,95,142,16,49,65,3,25,28
2021-08-02,18625,18080,36705,2961,3342,6303,11146,9869,21015,3581,3705,7286,686,752,1438,172,232,404,57,104,161,16,56,72,6,20,26
2021-08-03,16451,15364,31815,8059,7335,15394,2972,2691,5663,2580,2191,4771,2475,2703,5178,288,275,563,55,89,144,15,56,71,7,24,31
2021-08-04,12956,15248,28204,1983,2555,4538,2738,2862,5600,1615,2010,3625,6343,7424,13767,186,236,422,68,96,164,20,47,67,3,18,21
2021-08-05,9162,8945,18107,3707,3482,7189,3603,3393,6996,1268,1286,2554,422,496,918,124,154,278,27,86,113,10,30,40,1,18,19
2021-08-06,4452,5372,9824,668,786,1454,866,784,1650,368,349,717,207,247,454,1113,1473,2586,1199,1661,2860,27,56,83,4,16,20
2021-08-07,10253,14445,24698,1094,901,1995,61,68,129,45,66,111,60,61,121,1304,1880,3184,7585,11246,18831,89,177,266,15,46,61
2021-08-08,9098,12966,22064,8,16,24,12,17,29,10,16,26,28,62,90,5296,7251,12547,3616,5355,8971,110,211,321,18,38,56
2021-08-09,14283,19680,33963,136,158,294,212,215,427,172,235,407,1044,1531,2575,10616,14592,25208,1998,2686,4684,93,218,311,12,45,57
2021-08-10,14379,19025,33404,352,419,771,498,527,1025,1181,836,2017,1352,1804,3156,7287,9818,17105,3569,5323,8892,120,243,363,20,55,75
2021-08-11,15024,16651,31675,1324,1117,2441,288,448,736,304,428,732,2429,2629,5058,8847,9094,17941,1689,2651,4340,127,229,356,16,55,71
2021-08-12,9663,12944,22607,382,431,813,256,287,543,228,276,504,1809,2274,4083,3733,4318,8051,3110,4994,8104,120,296,416,25,68,93
2021-08-13,13106,18218,31324,117,129,246,187,182,369,147,193,340,375,451,826,5615,6991,12606,6318,9365,15683,299,726,1025,48,181,229
2021-08-14,8432,12726,21158,88,132,220,152,217,369,161,312,473,1599,2180,3779,5547,8184,13731,784,1395,2179,83,244,327,18,62,80
2021-08-15,11649,12618,24267,465,556,1021,796,966,1762,1414,1421,2835,6739,7028,13767,1702,1630,3332,437,757,1194,78,192,270,18,68,86
2021-08-16,9399,11916,21315,1418,1589,3007,1140,1252,2392,2511,2935,5446,1915,2356,4271,1101,1415,2516,1154,1923,3077,131,352,483,29,94,123
2021-08-17,16185,14037,30222,7564,6647,14211,6256,5464,11720,1382,1220,2602,791,417,1208,139,178,317,34,65,99,14,40,54,5,6,11
2021-08-18,11482,12354,23836,4860,4600,9460,1414,1756,3170,1198,1375,2573,1757,1875,3632,1705,1712,3417,472,830,1302,67,163,230,9,43,52
2021-08-19,6008,6234,12242,2419,2297,4716,811,797,1608,474,583,1057,1448,1396,2844,585,655,1240,231,409,640,35,76,111,5,21,26
2021-08-20,13267,12372,25639,2498,2565,5063,1522,1156,2678,1219,1002,2221,7729,7183,14912,208,251,459,69,151,220,19,52,71,3,12,15
2021-08-21,9376,12161,21537,1587,2117,3704,2262,3344,5606,2198,2938,5136,2840,3095,5935,376,421,797,88,156,244,20,68,88,5,22,27
2021-08-22,9920,11223,21143,1537,1947,3484,5249,5489,10738,1739,2111,3850,963,1120,2083,348,417,765,68,108,176,14,29,43,2,2,4
2021-08-23,17338,15705,33043,7358,6937,14295,7721,6298,14019,1318,1342,2660,675,720,1395,206,251,457,46,100,146,13,39,52,1,18,19
2021-08-24,12470,13217,25687,8994,9248,18242,1917,1806,3723,801,951,1752,543,762,1305,168,276,444,36,110,146,7,46,53,4,18,22
2021-08-25,15742,15822,31564,2364,2409,4773,1174,1541,2715,6769,6401,13170,4891,4742,9633,407,468,875,103,151,254,29,81,110,5,29,34
2021-08-26,15173,17703,32876,1910,2485,4395,928,1312,2240,583,835,1418,3744,3682,7426,6721,6897,13618,1114,1953,3067,140,428,568,33,111,144
2021-08-27,18485,18081,36566,10937,10821,21758,3395,2758,6153,1007,1034,2041,2439,2521,4960,557,658,1215,117,192,309,28,71,99,5,26,31
2021-08-28,11094,13340,24434,8195,10490,18685,1654,1447,3101,780,719,1499,335,445,780,84,113,197,36,90,126,8,30,38,2,6,8
2021-08-29,11494,12851,24345,974,1271,2245,553,712,1265,2027,2113,4140,7445,8036,15481,322,416,738,121,232,353,47,58,105,5,13,18
2021-08-30,16039,16814,32853,4039,3685,7724,2370,2312,4682,3183,2986,6169,3912,3963,7875,1656,2126,3782,750,1305,2055,116,346,462,13,91,104
2021-08-31,15700,17439,33139,11162,12729,23891,2036,1865,3901,1597,1663,3260,642,728,1370,175,263,438,66,115,181,17,56,73,5,20,25
2021-09-01,16063,17144,33207,14462,14391,28853,608,657,1265,383,515,898,270,473,743,236,739,975,89,288,377,14,70,84,1,11,12
2021-09-02,15979,19082,35061,9724,9731,19455,1543,2373,3916,2657,3858,6515,1515,2327,3842,363,499,862,154,216,370,20,69,89,3,9,12
2021-09-03,14717,17235,31952,6095,6138,12233,1639,1746,3385,4338,5762,10100,1624,2153,3777,825,1055,1880,163,284,447,30,73,103,3,24,27
2021-09-04,12164,12061,24225,3297,3308,6605,3442,3182,6624,4736,4767,9503,529,533,1062,115,164,279,38,70,108,6,33,39,1,4,5
2021-09-05,12265,12138,24403,1260,1340,2600,2423,2307,4730,7652,7524,15176,763,732,1495,123,174,297,38,38,76,5,17,22,1,6,7
2021-09-06,16294,16013,32307,1591,1498,3089,666,751,1417,10881,10776,21657,2617,2259,4876,417,508,925,94,146,240,20,62,82,8,13,21
2021-09-07,18200,20228,38428,966,1373,2339,1680,2528,4208,8138,7636,15774,3663,3829,7492,2965,3455,6420,664,1032,1696,97,308,405,27,67,94
2021-09-08,10535,10589,21124,2511,2202,4713,2691,2527,5218,3035,3153,6188,1467,1601,3068,623,667,1290,167,278,445,36,122,158,5,39,44
2021-09-09,15225,15055,30280,2471,2615,5086,9224,8441,17665,2189,2390,4579,1063,1172,2235,214,264,478,48,94,142,13,67,80,3,12,15
2021-09-10,5052,5440,10492,2278,2178,4456,784,961,1745,387,427,814,1194,1309,2503,330,404,734,61,121,182,16,36,52,2,4,6
2021-09-11,3397,3267,6664,685,684,1369,1659,1398,3057,258,297,555,691,758,1449,74,80,154,28,32,60,2,15,17,0,3,3
2021-09-12,862,980,1842,217,283,500,345,334,679,186,216,402,91,112,203,18,20,38,5,12,17,0,2,2,0,1,1
2021-09-13,7400,7274,14674,4363,4519,8882,2641,2311,4952,207,225,432,117,123,240,39,37,76,18,23,41,9,25,34,6,11,17
2021-09-14,6485,7591,14076,491,596,1087,413,469,882,390,449,839,4257,4523,8780,752,1249,2001,154,218,372,25,65,90,3,22,25
2021-09-15,17598,19947,37545,1138,1583,2721,1644,2311,3955,3394,3868,7262,8710,8848,17558,2389,2749,5138,234,411,645,71,138,209,18,39,57
2021-09-16,16657,18987,35644,2390,3403,5793,9597,10122,19719,2405,2588,4993,1362,1676,3038,726,831,1557,132,249,381,37,95,132,8,23,31
2021-09-17,14013,14225,28238,8433,8582,17015,3143,2923,6066,1304,1333,2637,797,873,1670,231,301,532,79,127,206,21,67,88,5,19,24
2021-09-18,12222,13196,25418,8615,8986,17601,2121,2204,4325,911,1139,2050,451,601,1052,96,173,269,18,60,78,8,28,36,2,5,7
2021-09-19,9184,9341,18525,5306,5084,10390,2127,2145,4272,1036,1145,2181,513,561,1074,131,189,320,53,138,191,17,63,80,1,16,17
2021-09-20,7211,6933,14144,3451,3319,6770,2207,1870,4077,858,913,1771,430,453,883,175,204,379,77,126,203,10,40,50,3,8,11
2021-09-21,12385,11537,23922,10038,9298,19336,1351,1083,2434,552,544,1096,292,349,641,107,168,275,31,61,92,11,23,34,3,11,14
2021-09-22,8658,7841,16499,5563,4879,10442,2010,1634,3644,579,600,1179,293,363,656,132,169,301,61,127,188,16,47,63,4,22,26
2021-09-23,5833,5962,11795,3961,4072,8033,1079,966,2045,450,464,914,234,269,503,57,97,154,41,56,97,11,30,41,0,8,8
2021-09-24,5768,5928,11696,2973,3049,6022,1232,1230,2462,983,939,1922,427,442,869,102,144,246,39,70,109,10,38,48,2,16,18
2021-09-25,3680,3072,6752,1129,934,2063,1326,841,2167,574,612,1186,500,535,1035,124,108,232,18,27,45,8,11,19,1,4,5
2021-09-26,12287,11244,23531,683,764,1447,1621,1665,3286,5069,4448,9517,4530,3818,8348,317,373,690,53,107,160,12,59,71,2,10,12
2021-09-27,11962,11055,23017,1887,2253,4140,5451,4758,10209,3180,2666,5846,1187,968,2155,188,247,435,46,87,133,22,56,78,1,20,21
2021-09-28,14100,14019,28119,1013,965,1978,9721,8276,17997,1253,1423,2676,801,949,1750,556,773,1329,602,1125,1727,138,409,547,16,99,115
2021-09-29,8773,8631,17404,2573,2770,5343,4424,3810,8234,876,881,1757,548,565,1113,204,247,451,113,226,339,35,104,139,0,28,28
2021-09-30,8577,9904,18481,5366,5771,11137,1117,1378,2495,1059,971,2030,737,1074,1811,227,477,704,56,161,217,14,62,76,1,10,11
2021-10-01,5683,5613,11296,2925,3022,5947,1256,1238,2494,855,712,1567,492,422,914,120,128,248,30,56,86,5,29,34,0,6,6
2021-10-02,2860,2805,5665,1184,1221,2405,841,721,1562,489,472,961,242,214,456,74,95,169,20,49,69,9,26,35,1,7,8
2021-10-03,3200,2783,5983,1514,1324,2838,1010,748,1758,410,354,764,158,179,337,80,108,188,19,45,64,8,21,29,1,4,5
2021-10-04,5737,5502,11239,2505,2334,4839,1861,1575,3436,728,721,1449,411,463,874,161,256,417,54,98,152,13,41,54,4,14,18
2021-10-05,3435,3361,6796,1387,1427,2814,955,824,1779,591,561,1152,358,374,732,110,108,218,23,34,57,8,25,33,3,8,11
2021-10-06,7211,7360,14571,5590,5815,11405,744,625,1369,476,446,922,262,281,543,93,109,202,31,43,74,12,28,40,3,13,16
2021-10-07,3079,3032,6111,1324,1161,2485,853,792,1645,414,439,853,328,385,713,125,164,289,27,57,84,3,25,28,5,9,14
2021-10-08,10666,10459,21125,662,917,1579,6169,5470,11639,1210,1306,2516,1388,1473,2861,1170,1156,2326,49,90,139,17,41,58,1,6,7
2021-10-09,9830,9661,19491,621,747,1368,4487,3968,8455,1233,1243,2476,2271,2352,4623,1164,1218,2382,42,92,134,12,34,46,0,7,7
2021-10-10,7002,7166,14168,440,622,1062,3583,3314,6897,785,891,1676,1335,1357,2692,823,891,1714,25,61,86,10,24,34,1,6,7
2021-10-11,4625,4522,9147,2578,2409,4987,1073,1038,2111,569,529,1098,275,310,585,84,123,207,35,67,102,10,42,52,1,4,5
2021-10-12,10942,10239,21181,6796,6095,12891,1392,1316,2708,1292,1334,2626,943,950,1893,434,422,856,69,87,156,15,28,43,1,7,8
2021-10-13,16574,17486,34060,15166,15848,31014,440,473,913,437,466,903,353,440,793,144,179,323,19,37,56,12,26,38,3,17,20
2021-10-14,13144,13038,26182,9739,9453,19192,1725,1711,3436,880,894,1774,526,614,1140,197,227,424,57,80,137,16,47,63,4,12,16
2021-10-15,12957,12513,25470,7488,6741,14229,3211,3017,6228,1328,1373,2701,628,824,1452,218,382,600,66,117,183,16,44,60,2,15,17
2021-10-16,8770,8942,17712,6380,6277,12657,1296,1326,2622,630,739,1369,309,350,659,118,152,270,30,64,94,7,23,30,0,11,11
2021-10-17,3111,3568,6679,2103,2228,4331,421,530,951,279,350,629,198,265,463,86,120,206,20,49,69,3,22,25,1,4,5
2021-10-18,12194,11799,23993,9734,9490,19224,996,859,1855,829,708,1537,479,468,947,132,196,328,19,42,61,5,23,28,0,13,13
2021-10-19,9235,8847,18082,5790,5555,11345,1550,1346,2896,1023,989,2012,534,556,1090,293,317,610,33,57,90,11,18,29,1,9,10
2021-10-20,8963,8592,17555,7111,6846,13957,836,727,1563,584,544,1128,290,283,573,111,117,228,21,48,69,7,21,28,3,6,9
2021-10-21,10816,11212,22028,8559,9047,17606,1050,898,1948,581,537,1118,365,365,730,196,228,424,37,64,101,26,49,75,2,24,26
2021-10-22,13800,14591,28391,10917,11325,22242,1368,1387,2755,682,802,1484,585,654,1239,191,264,455,43,96,139,14,54,68,0,9,9
2021-10-23,8701,8779,17480,7455,7529,14984,686,664,1350,258,283,541,176,164,340,89,82,171,23,35,58,10,17,27,4,5,9
2021-10-24,9157,9129,18286,8693,8619,17312,190,198,388,126,142,268,79,81,160,49,58,107,13,21,34,5,7,12,2,3,5
2021-10-25,9947,10285,20232,8024,7887,15911,853,876,1729,597,691,1288,300,415,715,113,227,340,44,120,164,13,56,69,3,13,16
2021-10-26,11752,11411,23163,10318,10033,20351,770,677,1447,326,340,666,209,193,402,87,79,166,28,42,70,12,31,43,2,16,18
2021-10-27,12401,12625,25026,11161,11302,22463,561,573,1134,365,366,731,203,208,411,74,108,182,32,46,78,5,19,24,0,3,3
2021-10-28,12742,12891,25633,11265,11336,22601,667,619,1286,410,417,827,256,273,529,95,139,234,36,56,92,8,35,43,5,16,21
2021-10-29,12454,12439,24893,11562,11528,23090,478,429,907,210,239,449,123,118,241,60,61,121,14,31,45,6,24,30,1,9,10
2021-10-30,8484,8588,17072,7900,7987,15887,323,300,623,145,152,297,75,79,154,36,39,75,3,22,25,2,7,9,0,2,2
2021-10-31,8035,7869,15904,7361,7233,14594,335,338,673,180,147,327,101,85,186,35,34,69,16,23,39,5,7,12,2,2,4
2021-11-01,7932,7123,15055,4579,4375,8954,2294,1689,3983,632,516,1148,280,297,577,120,155,275,24,66,90,3,16,19,0,9,9
2021-11-02,3831,3806,7637,2440,2173,4613,818,824,1642,316,395,711,167,230,397,60,105,165,13,46,59,7,21,28,10,12,22
2021-11-03,9411,10057,19468,8797,9439,18236,276,245,521,175,160,335,109,107,216,35,58,93,11,26,37,7,16,23,1,6,7
2021-11-04,9663,9744,19407,9095,9111,18206,248,268,516,164,148,312,86,83,169,36,62,98,19,46,65,10,18,28,5,8,13
2021-11-05,3897,3495,7392,3361,2981,6342,216,215,431,137,123,260,114,78,192,41,49,90,18,23,41,9,17,26,1,9,10
2021-11-06,3289,3263,6552,2878,2800,5678,180,177,357,95,113,208,87,103,190,34,34,68,8,21,29,5,13,18,2,2,4
2021-11-07,3228,3109,6337,2737,2650,5387,221,202,423,131,107,238,79,57,136,36,46,82,16,24,40,8,16,24,0,7,7
2021-11-08,8852,9119,17971,8093,8142,16235,341,391,732,206,241,447,132,176,308,56,92,148,19,56,75,4,11,15,1,10,11
2021-11-09,4095,4128,8223,3552,3483,7035,259,275,534,158,166,324,87,112,199,30,45,75,6,28,34,3,11,14,0,8,8
2021-11-10,5930,5494,11424,5423,4924,10347,240,245,485,122,124,246,68,77,145,53,50,103,20,40,60,3,21,24,1,13,14
2021-11-11,4959,4750,9709,4292,4041,8333,304,251,555,163,172,335,101,127,228,43,68,111,31,49,80,21,34,55,4,8,12
2021-11-12,7532,7610,15142,6849,6866,13715,250,250,500,217,226,443,117,106,223,62,88,150,24,45,69,8,20,28,5,9,14
2021-11-13,1162,1059,2221,1151,1046,2197,4,3,7,2,2,4,1,3,4,2,4,6,0,1,1,1,0,1,1,0,1
2021-11-14,1380,1364,2744,1365,1353,2718,7,6,13,5,3,8,3,0,3,0,2,2,0,0,0,0,0,0,0,0,0
2021-11-15,6715,6746,13461,6013,5989,12002,248,273,521,238,242,480,169,161,330,34,40,74,9,25,34,4,14,18,0,2,2
2021-11-16,10032,9687,19719,7645,7571,15216,1036,850,1886,867,733,1600,311,295,606,132,153,285,32,45,77,7,31,38,2,9,11
2021-11-17,11930,11675,23605,11356,11050,22406,314,281,595,127,148,275,86,100,186,28,44,72,9,26,35,4,16,20,6,10,16
2021-11-18,11524,11285,22809,11022,10765,21787,226,203,429,146,143,289,84,88,172,32,40,72,9,18,27,3,16,19,2,12,14
2021-11-19,11112,10820,21932,10229,9868,20097,409,396,805,226,235,461,151,178,329,62,78,140,28,37,65,7,20,27,0,8,8
2021-11-20,3639,3868,7507,3290,3471,6761,129,130,259,97,114,211,77,72,149,24,47,71,13,21,34,7,11,18,2,2,4
2021-11-21,3795,3886,7681,3293,3341,6634,177,182,359,135,155,290,117,126,243,51,52,103,14,19,33,6,8,14,2,3,5
2021-11-22,4741,4810,9551,4242,4270,8512,210,225,435,140,124,264,97,106,203,37,37,74,11,28,39,3,13,16,1,7,8
2021-11-23,7476,7515,14991,6619,6663,13282,403,374,777,226,216,442,157,153,310,45,63,108,18,24,42,6,17,23,2,5,7
2021-11-24,8449,8234,16683,7566,7385,14951,442,368,810,240,220,460,135,148,283,37,63,100,17,27,44,9,18,27,3,5,8
2021-11-25,2541,2433,4974,1916,1790,3706,347,273,620,148,182,330,62,82,144,38,51,89,15,24,39,10,27,37,5,4,9
2021-11-26,6195,6088,12283,5153,5085,10238,452,417,869,301,271,572,183,154,337,62,88,150,29,45,74,13,18,31,2,10,12
2021-11-27,5047,5058,10105,4538,4469,9007,195,209,404,136,151,287,111,123,234,43,57,100,16,26,42,4,16,20,4,7,11
2021-11-28,4786,4551,9337,4338,4076,8414,222,231,453,111,125,236,63,63,126,39,25,64,8,21,29,5,8,13,0,2,2
2021-11-29,4675,4662,9337,3894,3871,7765,397,391,788,226,209,435,111,95,206,31,58,89,10,23,33,4,8,12,2,7,9
2021-11-30,5725,5682,11407,4703,4605,9308,569,548,1117,239,221,460,117,145,262,67,95,162,20,44,64,7,15,22,3,9,12
2021-12-01,6991,6638,13629,6088,5660,11748,429,398,827,224,228,452,159,167,326,58,108,166,25,47,72,7,22,29,1,8,9
2021-12-02,7198,7336,14534,6100,6027,12127,513,480,993,366,406,772,132,231,363,57,87,144,24,65,89,5,27,32,1,13,14
2021-12-03,2370,2297,4667,1786,1700,3486,298,286,584,137,128,265,75,86,161,52,51,103,18,31,49,3,12,15,1,3,4
2021-12-04,2519,2552,5071,2173,2208,4381,136,132,268,104,83,187,52,61,113,33,35,68,16,20,36,5,8,13,0,5,5
2021-12-05,1961,2003,3964,1630,1628,3258,169,162,331,73,90,163,52,61,113,26,36,62,7,14,21,3,8,11,1,4,5
2021-12-06,5214,5204,10418,4446,4357,8803,361,368,729,223,251,474,113,126,239,45,56,101,21,28,49,4,14,18,1,4,5
2021-12-07,3984,4011,7995,3091,3067,6158,444,432,876,237,249,486,123,118,241,57,86,143,27,41,68,3,14,17,2,4,6
2021-12-08,3047,2992,6039,2467,2441,4908,241,209,450,145,134,279,123,107,230,47,57,104,18,26,44,4,11,15,2,7,9
2021-12-09,5361,5231,10592,4829,4641,9470,239,221,460,142,154,296,85,96,181,43,61,104,18,38,56,4,18,22,1,2,3
2021-12-10,3393,3231,6624,2921,2715,5636,226,211,437,119,104,223,65,89,154,43,51,94,12,26,38,7,18,25,0,17,17
2021-12-11,2300,2331,4631,1826,1865,3691,228,180,408,106,117,223,74,91,165,46,39,85,15,21,36,5,15,20,0,3,3
2021-12-12,2150,1988,4138,1564,1428,2992,329,270,599,144,143,287,70,79,149,36,42,78,6,18,24,1,7,8,0,1,1
2021-12-13,2165,2049,4214,1396,1370,2766,416,350,766,190,149,339,107,99,206,38,43,81,12,23,35,5,12,17,1,3,4
2021-12-14,3087,3104,6191,2352,2349,4701,347,309,656,199,216,415,114,102,216,53,66,119,13,32,45,7,22,29,2,8,10
2021-12-15,3035,3024,6059,2358,2318,4676,293,245,538,184,181,365,125,140,265,55,73,128,17,47,64,2,13,15,1,7,8
2021-12-16,3136,2943,6079,2525,2385,4910,307,223,530,159,138,297,92,92,184,35,50,85,12,35,47,5,14,19,1,6,7
2021-12-17,2859,2860,5719,2334,2235,4569,244,224,468,134,139,273,76,126,202,48,66,114,15,37,52,6,27,33,2,6,8
2021-12-18,2305,2233,4538,1684,1638,3322,267,224,491,173,181,354,106,89,195,48,58,106,16,20,36,10,18,28,1,5,6
2021-12-19,2441,2274,4715,1817,1695,3512,298,270,568,178,140,318,92,93,185,35,33,68,12,18,30,8,15,23,1,10,11
2021-12-20,3407,3116,6523,2523,2301,4824,474,401,875,231,200,431,113,102,215,39,43,82,15,36,51,8,26,34,4,7,11
2021-12-21,3927,3508,7435,2925,2643,5568,516,421,937,265,206,471,147,151,298,50,40,90,16,18,34,6,18,24,2,11,13
