FECHA,TotalA,TotalB,Total,<=30A,<=30B,<=30,31-40A,31-40B,31-40,41-50A,41-50B,41-50,51-60A,51-60B,51-60,61-70A,61-70B,61-70,71-80A,71-80B,71-80,81-90A,81-90B,81-90,>=91A,>=91B,>=91
2020-12-29,775,0,775,120,0,120,248,0,248,248,0,248,156,0,156,3,0,3,0,0,0,0,0,0,0,0,0
2020-12-30,1678,0,1678,284,0,284,543,0,543,519,0,519,326,0,326,6,0,6,0,0,0,0,0,0,0,0,0
2020-12-31,1775,0,1775,294,0,294,574,0,574,556,0,556,344,0,344,7,0,7,0,0,0,0,0,0,0,0,0
2021-01-01,1775,0,1775,294,0,294,574,0,574,556,0,556,344,0,344,7,0,7,0,0,0,0,0,0,0,0,0
2021-01-02,2205,0,2205,341,0,341,741,0,741,684,0,684,430,0,430,9,0,9,0,0,0,0,0,0,0,0,0
2021-01-03,2374,0,2374,367,0,367,814,0,814,726,0,726,458,0,458,9,0,9,0,0,0,0,0,0,0,0,0
2021-01-04,3314,0,3314,529,0,529,1133,0,1133,1004,0,1004,638,0,638,10,0,10,0,0,0,0,0,0,0,0,0
2021-01-05,4641,0,4641,739,0,739,1620,0,1620,1377,0,1377,890,0,890,14,0,14,1,0,1,0,0,0,0,0,0
2021-01-06,6077,0,6077,1000,0,1000,2091,0,2091,1792,0,1792,1176,0,1176,17,0,17,1,0,1,0,0,0,0,0,0
2021-01-07,7665,0,7665,1259,0,1259,2640,0,2640,2255,0,2255,1493,0,1493,17,0,17,1,0,1,0,0,0,0,0,0
2021-01-08,9522,0,9522,1610,0,1610,3272,0,3272,2790,0,2790,1824,0,1824,25,0,25,1,0,1,0,0,0,0,0,0
2021-01-09,9966,0,9966,1664,0,1664,3446,0,3446,2931,0,2931,1899,0,1899,25,0,25,1,0,1,0,0,0,0,0,0
2021-01-10,10537,0,10537,1745,0,1745,3687,0,3687,3088,0,3088,1989,0,1989,27,0,27,1,0,1,0,0,0,0,0,0
2021-01-11,12400,0,12400,2114,0,2114,4358,0,4358,3592,0,3592,2303,0,2303,32,0,32,1,0,1,0,0,0,0,0,0
2021-01-12,14092,0,14092,2402,0,2402,4982,0,4982,4037,0,4037,2636,0,2636,34,0,34,1,0,1,0,0,0,0,0,0
2021-01-13,15450,0,15450,2660,0,2660,5471,0,5471,4400,0,4400,2883,0,2883,35,0,35,1,0,1,0,0,0,0,0,0
2021-01-14,17679,0,17679,3112,0,3112,6251,0,6251,5017,0,5017,3262,0,3262,36,0,36,1,0,1,0,0,0,0,0,0
2021-01-15,21103,0,21103,3780,0,3780,7490,0,7490,5940,0,5940,3853,0,3853,39,0,39,1,0,1,0,0,0,0,0,0
2021-01-16,22441,0,22441,4030,0,4030,7997,0,7997,6306,0,6306,4068,0,4068,39,0,39,1,0,1,0,0,0,0,0,0
2021-01-17,23273,0,23273,4189,0,4189,8325,0,8325,6533,0,6533,4186,0,4186,39,0,39,1,0,1,0,0,0,0,0,0
2021-01-18,23780,0,23780,4271,0,4271,8489,0,8489,6696,0,6696,4284,0,4284,39,0,39,1,0,1,0,0,0,0,0,0
2021-01-19,24112,426,24538,4328,46,4374,8608,134,8742,6787,150,6937,4349,93,4442,39,3,42,1,0,1,0,0,0,0,0,0
2021-01-20,24264,1072,25336,4358,143,4501,8648,353,9001,6835,350,7185,4382,222,4604,40,4,44,1,0,1,0,0,0,0,0,0
2021-01-21,24351,1301,25652,4371,182,4553,8670,427,9097,6860,422,7282,4403,265,4668,45,5,50,2,0,2,0,0,0,0,0,0
2021-01-22,24357,1378,25735,4373,196,4569,8670,454,9124,6863,448,7311,4403,274,4677,46,6,52,2,0,2,0,0,0,0,0,0
2021-01-23,24362,1695,26057,4374,227,4601,8673,577,9250,6864,546,7410,4403,338,4741,46,7,53,2,0,2,0,0,0,0,0,0
2021-01-24,24365,1825,26190,4374,242,4616,8673,634,9307,6866,581,7447,4404,361,4765,46,7,53,2,0,2,0,0,0,0,0,0
2021-01-25,24373,2558,26931,4376,362,4738,8674,865,9539,6867,804,7671,4408,517,4925,46,10,56,2,0,2,0,0,0,0,0,0
2021-01-26,24390,3556,27946,4378,505,4883,8677,1192,9869,6875,1117,7992,4411,726,5137,47,16,63,2,0,2,0,0,0,0,0,0
2021-01-27,24398,4658,29056,4379,694,5073,8679,1557,10236,6877,1426,8303,4412,962,5374,49,19,68,2,0,2,0,0,0,0,0,0
2021-01-28,24399,5924,30323,4379,914,5293,8679,1982,10661,6877,1780,8657,4412,1229,5641,50,19,69,2,0,2,0,0,0,0,0,0
2021-01-29,24403,7621,32024,4379,1204,5583,8682,2598,11280,6878,2269,9147,4412,1523,5935,50,27,77,2,0,2,0,0,0,0,0,0
2021-01-30,24403,8036,32439,4379,1262,5641,8682,2762,11444,6878,2393,9271,4412,1592,6004,50,27,77,2,0,2,0,0,0,0,0,0
2021-01-31,24404,8378,32782,4379,1318,5697,8682,2897,11579,6878,2485,9363,4413,1650,6063,50,28,78,2,0,2,0,0,0,0,0,0
2021-02-01,24404,9867,34271,4379,1584,5963,8682,3453,12135,6878,2889,9767,4413,1908,6321,50,33,83,2,0,2,0,0,0,0,0,0
2021-02-02,26133,11327,37460,4476,1844,6320,8935,3954,12889,7138,3274,10412,4788,2221,7009,719,34,753,69,0,69,7,0,7,1,0,1
2021-02-03,28487,12550,41037,4706,2078,6784,9456,4374,13830,7621,3590,11211,5257,2472,7729,1302,36,1338,132,0,132,12,0,12,1,0,1
2021-02-04,30253,14351,44604,4851,2417,7268,9833,5020,14853,7975,4094,12069,5649,2784,8433,1719,36,1755,205,0,205,19,0,19,2,0,2
2021-02-05,33065,17159,50224,5173,2953,8126,10579,6064,16643,8561,4823,13384,6245,3279,9524,2181,40,2221,298,0,298,26,0,26,2,0,2
2021-02-06,33365,18108,51473,5198,3127,8325,10658,6397,17055,8636,5095,13731,6316,3449,9765,2229,40,2269,300,0,300,26,0,26,2,0,2
2021-02-07,33739,18739,52478,5246,3223,8469,10782,6623,17405,8738,5295,14033,6376,3558,9934,2266,40,2306,303,0,303,26,0,26,2,0,2
2021-02-08,34915,20024,54939,5387,3490,8877,11101,7084,18185,9020,5650,14670,6596,3760,10356,2458,40,2498,324,0,324,27,0,27,2,0,2
2021-02-09,36893,20963,57856,5699,3661,9360,11652,7404,19056,9439,5919,15358,7002,3939,10941,2723,40,2763,344,0,344,32,0,32,2,0,2
2021-02-10,37905,21511,59416,5845,3760,9605,11913,7597,19510,9692,6074,15766,7214,4040,11254,2844,40,2884,360,0,360,35,0,35,2,0,2
2021-02-11,39018,21914,60932,6016,3840,9856,12250,7750,20000,9950,6181,16131,7426,4098,11524,2958,45,3003,380,0,380,36,0,36,2,0,2
2021-02-12,39913,22470,62383,6142,3940,10082,12548,7949,20497,10169,6352,16521,7569,4183,11752,3044,46,3090,400,0,400,39,0,39,2,0,2
2021-02-13,39944,22511,62455,6146,3946,10092,12557,7968,20525,10177,6359,16536,7577,4192,11769,3045,46,3091,401,0,401,39,0,39,2,0,2
2021-02-14,39945,22540,62485,6146,3955,10101,12557,7977,20534,10178,6368,16546,7577,4194,11771,3045,46,3091,401,0,401,39,0,39,2,0,2
2021-02-15,39945,22540,62485,6146,3955,10101,12557,7977,20534,10178,6368,16546,7577,4194,11771,3045,46,3091,401,0,401,39,0,39,2,0,2
2021-02-16,39951,22581,62532,6146,3957,10103,12562,7998,20560,10179,6382,16561,7577,4197,11774,3045,46,3091,401,1,402,39,0,39,2,0,2
2021-02-17,41948,22887,64835,6447,4011,10458,13141,8115,21256,10687,6476,17163,7969,4238,12207,3246,46,3292,417,1,418,39,0,39,2,0,2
2021-02-18,47387,23175,70562,7153,4063,11216,14605,8221,22826,11996,6570,18566,9078,4274,13352,3899,46,3945,590,1,591,64,0,64,2,0,2
2021-02-19,52671,23375,76046,7843,4102,11945,16096,8292,24388,13352,6623,19975,10088,4310,14398,4442,47,4489,759,1,760,86,0,86,5,0,5
2021-02-20,53893,23390,77283,7967,4106,12073,16496,8300,24796,13654,6626,20280,10326,4310,14636,4577,47,4624,781,1,782,87,0,87,5,0,5
2021-02-21,54726,23391,78117,8067,4106,12173,16776,8301,25077,13865,6626,20491,10491,4310,14801,4640,47,4687,793,1,794,89,0,89,5,0,5
2021-02-22,64265,23529,87794,8683,4130,12813,17941,8351,26292,14792,6667,21459,11268,4333,15601,5268,47,5315,1725,1,1726,3988,0,3988,600,0,600
2021-02-23,74008,25169,99177,9350,4243,13593,19238,8597,27835,15938,6949,22887,12104,4660,16764,5756,648,6404,2520,66,2586,7888,5,7893,1214,1,1215
2021-02-24,83860,26984,110844,9925,4387,14312,20447,8994,29441,16981,7319,24300,12821,5021,17842,6163,1127,7290,3468,125,3593,12171,10,12181,1884,1,1885
2021-02-25,93623,28815,122438,10514,4565,15079,21677,9375,31052,17972,7713,25685,13594,5407,19001,6579,1547,8126,4311,189,4500,16380,17,16397,2596,2,2598
2021-02-26,102919,31332,134251,11058,4831,15889,22736,9975,32711,18791,8225,27016,14277,5973,20250,6963,2019,8982,5115,283,5398,20627,24,20651,3352,2,3354
2021-02-27,104438,31448,135886,11157,4846,16003,22929,10008,32937,18975,8251,27226,14417,6000,20417,7107,2034,9141,5309,283,5592,21040,24,21064,3504,2,3506
2021-02-28,104803,31590,136393,11172,4863,16035,22957,10069,33026,18993,8284,27277,14430,6016,20446,7160,2048,9208,5361,284,5645,21159,24,21183,3571,2,3573
2021-03-01,112837,32709,145546,11385,4992,16377,23432,10376,33808,19353,8544,27897,14761,6232,20993,7416,2234,9650,6258,305,6563,25926,24,25950,4306,2,4308
2021-03-02,120509,33936,154445,11643,5157,16800,23875,10666,34541,19689,8808,28497,14992,6501,21493,7697,2450,10147,7180,323,7503,30409,29,30438,5024,2,5026
2021-03-03,127564,35566,163130,11814,5377,17191,24237,11150,35387,20003,9210,29213,15205,6833,22038,7896,2624,10520,7988,337,8325,34644,33,34677,5777,2,5779
2021-03-04,130517,36751,167268,12060,5573,17633,24664,11509,36173,20361,9457,29818,15454,7054,22508,8107,2759,10866,8282,364,8646,35645,33,35678,5944,2,5946
2021-03-05,133058,37913,170971,12241,5731,17972,25142,11855,36997,20810,9750,30560,15808,7266,23074,8313,2888,11201,8477,386,8863,36211,35,36246,6056,2,6058
2021-03-06,135921,38032,173953,12504,5746,18250,25802,11895,37697,21424,9781,31205,16312,7292,23604,8391,2894,11285,8687,387,9074,36601,35,36636,6200,2,6202
2021-03-07,138622,38043,176665,12729,5747,18476,26430,11902,38332,22025,9783,31808,16795,7292,24087,8469,2895,11364,8887,387,9274,36926,35,36961,6361,2,6363
2021-03-08,143044,38395,181439,13027,5792,18819,26958,12001,38959,22458,9870,32328,17210,7365,24575,8830,2936,11766,9370,392,9762,38459,37,38496,6732,2,6734
2021-03-09,153465,38583,192048,13460,5823,19283,27896,12082,39978,23223,9909,33132,17939,7389,25328,9443,2948,12391,10458,393,10851,43420,37,43457,7626,2,7628
2021-03-10,165673,39133,204806,14118,5895,20013,29260,12227,41487,24541,10037,34578,19143,7527,26670,9941,3009,12950,11500,399,11899,48626,37,48663,8544,2,8546
2021-03-11,179561,42751,222312,15023,6313,21336,31142,13122,44264,26487,10844,37331,20536,8284,28820,10280,3571,13851,12527,554,13081,54172,61,54233,9394,2,9396
2021-03-12,189056,47348,236404,15893,6920,22813,33274,14341,47615,28532,12004,40536,22063,9197,31260,10501,4094,14595,12929,710,13639,56094,79,56173,9770,3,9773
2021-03-13,194830,48166,242996,16795,6994,23789,34958,14577,49535,30099,12217,42316,23148,9373,32521,10616,4198,14814,13025,723,13748,56334,81,56415,9855,3,9858
2021-03-14,199099,48896,247995,17334,7065,24399,36125,14820,50945,31413,12418,43831,24180,9519,33699,10770,4257,15027,13081,732,13813,56341,82,56423,9855,3,9858
2021-03-15,206721,53213,259934,18027,7656,25683,37755,16048,53803,33077,13472,46549,25562,10332,35894,11127,4706,15833,13464,886,14350,57661,108,57769,10048,5,10053
2021-03-16,216367,56942,273309,18622,8172,26794,39060,17136,56196,34465,14368,48833,26744,11035,37779,11642,5123,16765,14316,982,15298,61050,119,61169,10468,7,10475
2021-03-17,225658,61061,286719,19045,8721,27766,40195,18322,58517,35609,15418,51027,27697,11754,39451,12318,5542,17860,15247,1149,16396,64605,146,64751,10942,9,10951
2021-03-18,236584,64337,300921,19841,9162,29003,41940,19239,61179,37235,16232,53467,29076,12394,41470,12861,5911,18772,16302,1224,17526,67867,165,68032,11462,10,11472
2021-03-19,247254,67691,314945,20716,9635,30351,43820,20198,64018,39045,17059,56104,30504,13082,43586,13160,6242,19402,17048,1290,18338,70817,175,70992,12144,10,12154
2021-03-20,253812,68256,322068,20946,9696,30642,44342,20358,64700,39544,17215,56759,31048,13205,44253,14641,6294,20935,18044,1302,19346,72697,176,72873,12550,10,12560
2021-03-21,258472,68731,327203,20966,9762,30728,44393,20512,64905,39574,17309,56883,31263,13279,44542,16639,6352,22991,19126,1325,20451,73730,182,73912,12781,10,12791
2021-03-22,262273,71468,333741,21065,10124,31189,44543,21355,65898,39764,17932,57696,31622,13793,45415,18367,6639,25006,20178,1424,21602,73915,191,74106,12819,10,12829
2021-03-23,269819,73878,343697,21147,10431,31578,44682,22050,66732,39926,18512,58438,31881,14198,46079,19376,6908,26284,21248,1549,22797,77762,220,77982,13797,10,13807
2021-03-24,275509,74171,349680,21155,10446,31601,44695,22077,66772,39936,18538,58474,31965,14214,46179,20030,7056,27086,22195,1602,23797,81079,228,81307,14454,10,14464
2021-03-25,280431,75626,356057,21337,10690,32027,45050,22537,67587,40277,18874,59151,32228,14428,46656,20166,7167,27333,22895,1667,24562,83500,249,83749,14978,14,14992
2021-03-26,282753,77032,359785,21347,10811,32158,45083,22809,67892,40302,19096,59398,32261,14619,46880,20273,7564,27837,23282,1856,25138,84827,263,85090,15378,14,15392
2021-03-27,285298,77086,362384,21353,10814,32167,45089,22823,67912,40305,19109,59414,32275,14632,46907,20324,7570,27894,23756,1861,25617,86393,263,86656,15803,14,15817
2021-03-28,287868,77110,364978,21359,10814,32173,45096,22826,67922,40312,19114,59426,32291,14636,46927,20385,7578,27963,24154,1864,26018,87969,264,88233,16302,14,16316
2021-03-29,294982,78120,373102,21944,10955,32899,46322,23111,69433,41358,19312,60670,33112,14831,47943,20655,7744,28399,24765,1885,26650,89924,268,90192,16902,14,16916
2021-03-30,304115,79344,383459,22203,11107,33310,46923,23408,70331,41874,19556,61430,36314,15057,51371,22443,7961,30404,25746,1964,27710,91262,277,91539,17350,14,17364
2021-03-31,315841,80282,396123,22809,11258,34067,48371,23693,72064,43241,19701,62942,36889,15213,52102,22670,8112,30782,30914,2011,32925,93019,280,93299,17928,14,17942
2021-04-01,327765,80436,408201,22849,11272,34121,48435,23735,72170,44779,19731,64510,37996,15238,53234,22899,8147,31046,38316,2019,40335,94231,280,94511,18260,14,18274
2021-04-02,339391,80436,419827,22853,11272,34125,48443,23735,72178,47423,19731,67154,38018,15238,53256,22940,8147,31087,46128,2019,48147,95117,280,95397,18469,14,18483
2021-04-03,349228,80436,429664,22862,11272,34134,48450,23735,72185,47439,19731,67170,38033,15238,53271,22960,8147,31107,55346,2019,57365,95519,280,95799,18619,14,18633
2021-04-04,352043,80475,432518,22862,11272,34134,48451,23735,72186,47443,19732,67175,38040,15243,53283,22970,8172,31142,58101,2027,60128,95541,280,95821,18635,14,18649
2021-04-05,367206,81163,448369,22997,11350,34347,48559,23898,72457,47589,19867,67456,38182,15377,53559,23157,8308,31465,72030,2065,74095,95930,284,96214,18762,14,18776
2021-04-06,384569,81630,466199,23160,11438,34598,48767,24039,72806,47720,19953,67673,38284,15456,53740,23389,8367,31756,87656,2079,89735,96634,284,96918,18959,14,18973
2021-04-07,403442,82229,485671,23315,11492,34807,49042,24154,73196,47881,20038,67919,38400,15561,53961,24651,8569,33220,103248,2116,105364,97706,285,97991,19199,14,19213
2021-04-08,423762,82474,506236,23592,11543,35135,49459,24215,73674,48107,20070,68177,38599,15612,54211,28377,8599,36976,118259,2126,120385,98070,293,98363,19299,16,19315
2021-04-09,441641,83217,524858,23849,11660,35509,49842,24443,74285,48334,20221,68555,38773,15713,54486,31467,8706,40173,131361,2160,133521,98546,298,98844,19469,16,19485
2021-04-10,448169,84545,532714,23865,11799,35664,49864,24632,74496,48348,20406,68754,38792,15869,54661,32694,9140,41834,136469,2364,138833,98634,317,98951,19503,18,19521
2021-04-11,454369,85874,540243,23867,11953,35820,49870,24904,74774,48349,20619,68968,38800,16092,54892,33847,9496,43343,141386,2462,143848,98713,329,99042,19537,19,19556
2021-04-12,474183,86689,560872,24163,12031,36194,50285,25021,75306,48594,20715,69309,38999,16198,55197,37468,9791,47259,156052,2565,158617,98981,349,99330,19641,19,19660
2021-04-13,489430,90887,580317,24446,12140,36586,50664,25209,75873,48919,20841,69760,39228,16537,55765,40583,12056,52639,166508,3695,170203,99326,389,99715,19756,20,19776
2021-04-14,501146,95561,596707,24742,12151,36893,51000,25221,76221,49242,20859,70101,39354,16544,55898,42395,12083,54478,174692,5275,179967,99832,3002,102834,19889,426,20315
2021-04-15,505906,99779,605685,24922,12153,37075,51135,25225,76360,49342,20861,70203,39440,16547,55987,43148,15434,58582,177885,6092,183977,100077,3035,103112,19957,432,20389
2021-04-16,515046,100178,615224,25050,12158,37208,51203,25232,76435,49401,20867,70268,39466,16553,56019,44600,15449,60049,184009,6404,190413,101107,3081,104188,20210,434,20644
2021-04-17,515847,100179,616026,25079,12158,37237,51245,25232,76477,49470,20868,70338,39533,16553,56086,44682,15449,60131,184421,6404,190825,101181,3081,104262,20236,434,20670
2021-04-18,516154,100180,616334,25101,12158,37259,51283,25232,76515,49532,20868,70400,39605,16553,56158,44708,15449,60157,184452,6405,190857,101219,3081,104300,20254,434,20688
2021-04-19,526508,100226,626734,25283,12165,37448,51351,25239,76590,49591,20874,70465,39623,16564,56187,45870,15456,61326,191644,6409,198053,102590,3084,105674,20556,435,20991
2021-04-20,537441,106036,643477,25501,12172,37673,51481,25260,76741,49732,20885,70617,40179,17515,57694,51091,18181,69272,194983,7118,202101,103648,3949,107597,20826,956,21782
2021-04-21,557888,106088,663976,25613,12190,37803,51564,25271,76835,49811,20897,70708,40473,17521,57994,69775,18184,87959,195936,7119,203055,103822,3949,107771,20894,957,21851
2021-04-22,581867,106091,687958,25705,12190,37895,51648,25272,76920,49894,20897,70791,40577,17523,58100,92202,18184,110386,196892,7119,204011,104014,3949,107963,20935,957,21892
2021-04-23,605243,106112,711355,25777,12191,37968,51748,25274,77022,50013,20903,70916,40710,17532,58242,114281,18187,132468,197499,7119,204618,104206,3949,108155,21009,957,21966
2021-04-24,611668,106112,717780,25791,12191,37982,51761,25274,77035,50044,20903,70947,40750,17532,58282,120084,18187,138271,197901,7119,205020,104298,3949,108247,21039,957,21996
2021-04-25,611872,106112,717984,25795,12191,37986,51768,25274,77042,50061,20903,70964,40766,17532,58298,120219,18187,138406,197912,7119,205031,104306,3949,108255,21045,957,22002
2021-04-26,615743,106124,721867,25813,12193,38006,51790,25275,77065,50076,20907,70983,40785,17534,58319,123545,18189,141734,198261,7119,205380,104396,3950,108346,21077,957,22034
2021-04-27,619928,106173,726101,25958,12196,38154,51913,25293,77206,50177,20916,71093,40872,17539,58411,126101,18198,144299,199206,7123,206329,104581,3951,108532,21120,957,22077
2021-04-28,626126,123060,749186,26133,14575,40708,52137,30929,83066,50324,25904,76228,40972,21407,62379,130962,18210,149172,199728,7125,206853,104709,3953,108662,21161,957,22118
2021-04-29,633128,135730,768858,26330,16152,42482,52347,34993,87340,50447,29807,80254,41085,24517,65602,136356,18214,154570,200386,7134,207520,104932,3954,108886,21245,959,22204
2021-04-30,636423,135740,772163,26525,16153,42678,52620,34994,87614,50585,29809,80394,41188,24518,65706,138293,18216,156509,200866,7136,208002,105049,3954,109003,21297,960,22257
2021-05-01,637673,136072,773745,26525,16191,42716,52622,35146,87768,50586,29882,80468,41194,24572,65766,139181,18230,157411,201113,7137,208250,105124,3954,109078,21328,960,22288
2021-05-02,639919,147951,787870,26584,17379,43963,52725,38023,90748,50641,32710,83351,41287,26739,68026,140697,18256,158953,201397,9883,211280,105219,3995,109214,21369,966,22335
2021-05-03,654270,153324,807594,26732,17392,44124,52979,38037,91016,50765,32727,83492,43260,26750,70010,152065,18276,170341,201747,14974,216721,105311,4168,109479,21411,1000,22411
2021-05-04,679704,153723,833427,26941,17396,44337,53245,38043,91288,50899,32735,83634,47704,26751,74455,172037,18310,190347,202005,15298,217303,105409,4190,109599,21464,1000,22464
2021-05-05,688265,171100,859365,27235,17411,44646,53616,38072,91688,51245,32754,83999,48908,26789,75697,178008,20076,198084,202198,29914,232112,105540,4948,110488,21515,1136,22651
2021-05-06,694300,174031,868331,27442,17413,44855,53883,38076,91959,51494,32759,84253,49747,26796,76543,182037,20432,202469,202502,32375,234877,105644,5025,110669,21551,1155,22706
2021-05-07,697329,192037,889366,27615,17664,45279,54140,38562,92702,51634,33196,84830,50167,27143,77310,183820,22843,206663,202671,46081,248752,105688,5324,111012,21594,1224,22818
2021-05-08,700023,207011,907034,27615,19456,47071,54141,42526,96667,51636,38297,89933,50531,30977,81508,186126,22902,209028,202681,46230,248911,105698,5368,111066,21595,1255,22850
2021-05-09,700142,207246,907388,27615,19456,47071,54141,42526,96667,51636,38298,89934,50553,30987,81540,186223,22949,209172,202681,46265,248946,105698,5455,111153,21595,1310,22905
2021-05-10,702490,208238,910728,27683,19457,47140,54224,42527,96751,51703,38302,90005,50950,30990,81940,187916,22990,210906,202709,46897,249606,105707,5679,111386,21598,1396,22994
2021-05-11,709211,208723,917934,27731,19464,47195,54300,42539,96839,51776,38315,90091,52308,31004,83312,192948,23036,215984,202808,47113,249921,105731,5795,111526,21609,1457,23066
2021-05-12,716205,209704,925909,27776,19486,47262,54372,42575,96947,51844,38349,90193,53749,31039,84788,198144,23123,221267,202944,47520,250464,105760,6057,111817,21616,1555,23171
2021-05-13,718927,215238,934165,27818,19602,47420,54460,42813,97273,51907,38519,90426,54085,31193,85278,200096,23762,223858,203105,51362,254467,105819,6334,112153,21637,1653,23290
2021-05-14,721606,216938,938544,27951,19618,47569,54713,42840,97553,52061,38575,90636,54426,31255,85681,201595,24319,225914,203304,52102,255406,105899,6489,112388,21657,1740,23397
2021-05-15,732782,217331,950113,28002,19625,47627,54810,42848,97658,52127,38588,90715,56808,31268,88076,209959,24403,234362,203441,52235,255676,105964,6575,112539,21671,1789,23460
2021-05-16,735771,217519,953290,28244,19634,47878,55717,42850,98567,53082,38596,91678,57371,31281,88652,210223,24421,234644,203487,52256,255743,105974,6652,112626,21673,1829,23502
2021-05-17,743297,218579,961876,28329,19687,48016,56214,42941,99155,53358,38715,92073,58857,31411,90268,215102,24553,239655,203691,52661,256352,106050,6729,112779,21696,1882,23578
2021-05-18,751402,218927,970329,28402,19696,48098,56340,42953,99293,53482,38730,92212,60550,31424,91974,220935,24636,245571,203864,52782,256646,106111,6791,112902,21718,1915,23633
2021-05-19,757080,220001,977081,28410,19828,48238,56356,43259,99615,53498,38874,92372,61724,31517,93241,225048,24764,249812,204096,52995,257091,106195,6833,113028,21753,1931,23684
2021-05-20,778789,220783,999572,28484,19970,48454,56483,43519,100002,53602,39036,92638,67858,31615,99473,238073,24813,262886,205661,53029,258690,106760,6852,113612,21868,1949,23817
2021-05-21,781089,225007,1006096,28563,20255,48818,56680,44055,100735,53674,39468,93142,67972,31942,99914,239075,25088,264163,206305,55295,261600,106907,6938,113845,21913,1966,23879
2021-05-22,784517,225222,1009739,28674,20270,48944,56760,44079,100839,53740,39488,93228,68419,31963,100382,241255,25104,266359,206730,55407,262137,107003,6943,113946,21936,1968,23904
2021-05-23,789236,225224,1014460,28744,20270,49014,56853,44079,100932,53805,39488,93293,70510,31963,102473,243316,25105,268421,206962,55407,262369,107087,6943,114030,21959,1969,23928
2021-05-24,790999,225717,1016716,28777,20356,49133,56895,44236,101131,53840,39591,93431,70913,32022,102935,244438,25129,269567,207064,55459,262523,107108,6952,114060,21964,1972,23936
2021-05-25,792573,237219,1029792,28799,20364,49163,56906,44247,101153,53851,39598,93449,71255,32028,103283,245453,25133,270586,207185,56652,263837,107149,15855,123004,21975,3342,25317
2021-05-26,795105,240348,1035453,28852,20394,49246,56975,44301,101276,53904,39651,93555,73228,32088,105316,245703,25416,271119,207239,57077,264316,107203,17727,124930,22001,3694,25695
2021-05-27,800800,258893,1059693,28964,20456,49420,57080,44455,101535,54006,39804,93810,78283,32162,110445,245922,25681,271603,207289,58894,266183,107233,31577,138810,22023,5864,27887
2021-05-28,814416,270579,1084995,29112,20570,49682,57257,44687,101944,54422,39949,94371,90763,32237,123000,246193,25876,272069,207353,60165,267518,107273,39879,147152,22043,7216,29259
2021-05-29,830718,271521,1102239,29119,20575,49694,57277,44689,101966,55518,39953,95471,105410,32242,137652,246605,25878,272483,207447,60274,267721,107292,40594,147886,22050,7316,29366
2021-05-30,846457,271603,1118060,29127,20576,49703,57288,44691,101979,58825,39953,98778,117605,32242,149847,246765,25879,272644,207487,60284,267771,107307,40651,147958,22053,7327,29380
2021-05-31,867868,277018,1144886,29228,20747,49975,57433,44990,102423,70978,40188,111166,126138,32613,158751,247076,27045,274121,207576,60744,268320,107357,42917,150274,22082,7774,29856
2021-06-01,888515,280027,1168542,29625,20794,50419,58359,45071,103430,85334,40250,125584,130784,32656,163440,247292,27117,274409,207636,61122,268758,107387,44913,152300,22098,8104,30202
2021-06-02,908338,282017,1190355,30870,20807,51677,62629,45097,107726,94595,40275,134870,135373,32681,168054,247596,27175,274771,207728,61362,269090,107425,46150,153575,22122,8470,30592
2021-06-03,938927,283501,1222428,38898,20829,59727,75783,45127,120910,102199,40324,142523,136757,32712,169469,247879,27239,275118,207810,61558,269368,107460,47018,154478,22141,8694,30835
2021-06-04,967010,284852,1251862,45391,20875,66266,85239,45172,130411,109272,40400,149672,139119,32753,171872,249902,27425,277327,208285,61912,270197,107616,47485,155101,22186,8830,31016
2021-06-05,986923,285972,1272895,50405,20891,71296,93900,45192,139092,112790,40424,153214,140432,32789,173221,250949,27741,278690,208507,62119,270626,107717,47851,155568,22223,8965,31188
2021-06-06,1004428,286616,1291044,57464,20892,78356,101774,45192,146966,114428,40426,154854,141219,32795,174014,251051,27795,278846,208538,62275,270813,107727,48115,155842,22227,9126,31353
2021-06-07,1031189,287554,1318743,63837,20940,84777,107687,45313,153000,120751,40517,161268,148366,32851,181217,251776,27842,279618,208722,62431,271153,107802,48383,156185,22248,9277,31525
2021-06-08,1058921,289431,1348352,66309,20951,87260,111060,45329,156389,124262,40528,164790,166339,32868,199207,252028,27933,279961,208825,62847,271672,107839,49386,157225,22259,9589,31848
2021-06-09,1084184,289811,1373995,66976,20952,87928,112369,45331,157700,125516,40531,166047,188079,32872,220951,252226,27958,280184,208883,62930,271813,107864,49537,157401,22271,9700,31971
2021-06-10,1112910,290220,1403130,68586,20955,89541,114626,45333,159959,129429,40535,169964,208214,32883,241097,252825,28013,280838,209032,63021,272053,107910,49690,157600,22288,9790,32078
2021-06-11,1118334,310194,1428528,68981,20992,89973,115329,45405,160734,130776,40589,171365,211008,32955,243963,252945,28267,281212,209067,65353,274420,107930,64744,172674,22298,11889,34187
2021-06-12,1129783,312876,1442659,70008,20996,91004,116726,45410,162136,133657,40600,174257,217064,32990,250054,252996,28344,281340,209090,65768,274858,107940,66482,174422,22302,12286,34588
2021-06-13,1138154,312991,1451145,70464,20996,91460,117335,45414,162749,135519,40603,176122,222413,32990,255403,253068,28348,281416,209106,65782,274888,107945,66559,174504,22304,12299,34603
2021-06-14,1150084,313773,1463857,72050,21006,93056,119414,45424,164838,138192,40616,178808,227861,33000,260861,253158,28367,281525,209137,65882,275019,107959,67076,175035,22313,12402,34715
2021-06-15,1176205,315170,1491375,72307,21045,93352,119837,45490,165327,139027,40662,179689,251887,33047,284934,253538,28422,281960,209246,66222,275468,108020,67753,175773,22343,12529,34872
2021-06-16,1184296,324869,1509165,72987,21409,94396,121136,46074,167210,141571,42011,183582,255223,33988,289211,253663,28670,282333,209302,70803,280105,108052,69017,177069,22362,12897,35259
2021-06-17,1200476,334439,1534915,73414,21457,94871,121921,46162,168083,147426,42348,189774,263540,34129,297669,254205,29333,283538,209459,77442,286901,108126,70285,178411,22385,13283,35668
2021-06-18,1227572,336864,1564436,74868,21479,96347,124048,46205,170253,163753,42428,206181,269949,34184,304133,254762,29711,284473,209590,78589,288179,108186,70817,179003,22416,13451,35867
2021-06-19,1248578,337969,1586547,75367,21488,96855,124422,46219,170641,180420,42448,222868,272816,34206,307022,255210,29794,285004,209692,78802,288494,108224,71312,179536,22427,13700,36127
2021-06-20,1248583,337970,1586553,75368,21488,96856,124423,46219,170642,180422,42448,222870,272816,34206,307022,255210,29795,285005,209693,78802,288495,108224,71312,179536,22427,13700,36127
2021-06-21,1260143,338513,1598656,75398,21503,96901,124479,46254,170733,190375,42531,232906,273986,34311,308297,255461,29888,285349,209769,78886,288655,108243,71402,179645,22432,13738,36170
2021-06-22,1269235,339668,1608903,75653,21656,97309,124726,46502,171228,194766,42696,237462,276981,34530,311511,256269,30003,286272,210025,78987,289012,108344,71498,179842,22471,13796,36267
2021-06-23,1287221,340859,1628080,75882,21805,97687,125045,46728,171773,210010,42876,252886,278774,34765,313539,256533,30099,286632,210109,79088,289197,108379,71647,180026,22489,13851,36340
2021-06-24,1320806,342100,1662906,76345,21954,98299,129615,46969,176584,235945,43019,278964,280845,34954,315799,256930,30246,287176,210218,79318,289536,108413,71751,180164,22495,13889,36384
2021-06-25,1338245,356246,1694491,77898,21984,99882,133332,46999,180331,245627,43096,288723,282536,35337,317873,257512,40411,297923,210376,81965,292341,108459,72400,180859,22505,14054,36559
2021-06-26,1341150,374582,1715732,77930,22032,99962,133358,47061,180419,247229,43165,290394,283449,35683,319132,257748,55706,313454,210449,83877,294326,108476,72881,181357,22511,14177,36688
2021-06-27,1352637,380198,1732835,77943,22191,100134,133388,47248,180636,254023,43471,297494,287743,36973,324716,258005,57717,315722,210521,85178,295699,108500,73183,181683,22514,14237,36751
2021-06-28,1386845,382926,1769771,80158,22339,102497,136141,47510,183651,280530,43659,324189,289998,37242,327240,258351,59077,317428,210605,85494,296099,108541,73291,181832,22521,14314,36835
2021-06-29,1420306,386317,1806623,80545,22502,103047,137173,47753,184926,310968,43856,354824,291158,37615,328773,258667,60516,319183,210704,86059,296763,108562,73613,182175,22529,14403,36932
2021-06-30,1456286,389086,1845372,80875,22522,103397,147176,47779,194955,334811,43877,378688,292449,37646,330095,259007,62861,321868,210806,86252,297058,108607,73698,182305,22555,14451,37006
2021-07-01,1478683,392688,1871371,81162,22556,103718,156667,47819,204486,345457,43949,389406,293829,38265,332094,259388,64375,323763,210928,87056,297984,108671,74098,182769,22581,14570,37151
2021-07-02,1490308,409053,1899361,82811,22674,105485,162564,48022,210586,348526,44131,392657,294460,38493,332953,259612,66347,325959,211017,88802,299819,108722,83958,192680,22596,16626,39222
2021-07-03,1508108,414343,1922451,82837,22700,105537,173853,48086,221939,353726,44193,397919,295402,38619,334021,259859,66984,326843,211088,89687,300775,108742,86826,195568,22601,17248,39849
2021-07-04,1528338,414747,1943085,84193,22700,106893,191466,48092,239558,354596,44194,398790,295644,38622,334266,259959,67019,326978,211120,89790,300910,108757,86992,195749,22603,17338,39941
2021-07-05,1536163,417433,1953596,84822,22736,107558,197931,48143,246074,355053,44267,399320,295814,38717,334531,260010,67749,327759,211150,90399,301549,108771,87859,196630,22612,17563,40175
2021-07-06,1559537,419150,1978687,85874,22769,108643,219277,48207,267484,355548,44365,399913,296111,38848,334959,260125,68022,328147,211201,90668,301869,108782,88522,197304,22619,17749,40368
2021-07-07,1569458,421024,1990482,86134,22804,108938,226696,48267,274963,357027,44442,401469,296649,38947,335596,260269,68228,328497,211251,91075,302326,108805,89321,198126,22627,17940,40567
2021-07-08,1603751,421747,2025498,87003,22828,109831,253935,48322,302257,361283,44517,405800,297963,39069,337032,260682,68453,329135,211382,91140,302522,108854,89447,198301,22649,17971,40620
2021-07-09,1628436,422859,2051295,88383,22845,111228,270797,48349,319146,365635,44555,410190,299551,39143,338694,261026,68790,329816,211500,91680,303180,108890,89508,198398,22654,17989,40643
2021-07-10,1648343,425117,2073460,91542,22892,114434,286450,48447,334897,366329,44650,410979,299801,39298,339099,261130,69695,330825,211529,92328,303857,108906,89760,198666,22656,18047,40703
2021-07-11,1650548,428634,2079182,91905,23143,115048,288204,49031,337235,366376,45126,411502,299824,39537,339361,261139,69748,330887,211533,92633,304166,108910,91104,200014,22657,18312,40969
2021-07-12,1683774,429268,2113042,97863,23157,121020,313853,49054,362907,367306,45161,412467,300293,39567,339860,261285,69878,331163,211579,92773,304352,108929,91311,200240,22666,18367,41033
2021-07-13,1702575,429467,2132042,101246,23170,124416,327141,49072,376213,368644,45187,413831,300814,39588,340402,261468,69891,331359,211642,92812,304454,108947,91351,200298,22673,18396,41069
2021-07-14,1709021,429705,2138726,102542,23204,125746,331235,49119,380354,369269,45219,414488,301098,39622,340720,261568,69904,331472,211669,92845,304514,108962,91377,200339,22678,18415,41093
2021-07-15,1712211,459914,2172125,103220,23623,126843,332968,50997,383965,369708,58646,428354,301321,42936,344257,261644,71670,333314,211701,99120,310821,108969,93932,202901,22680,18990,41670
2021-07-16,1714880,490571,2205451,103837,23751,127588,334432,53493,387925,370030,73586,443616,301495,43929,345424,261697,71958,333655,211724,109140,320864,108982,95377,204359,22683,19337,42020
2021-07-17,1730664,500265,2230929,106860,23842,130702,344013,54380,398393,372012,80301,452313,302341,44697,347038,261956,72202,334158,211781,109873,321654,109012,95580,204592,22689,19390,42079
2021-07-18,1744837,509146,2253983,113597,23866,137463,349345,54539,403884,373374,86144,459518,302849,47067,349916,262123,72432,334555,211826,110030,321856,109031,95657,204688,22692,19411,42103
2021-07-19,1752250,536134,2288384,118093,25325,143418,351150,56726,407876,373990,106310,480300,303171,48925,352096,262233,72744,334977,211861,110336,322197,109054,96201,205255,22698,19567,42265
2021-07-20,1774397,551800,2326197,133526,25700,159226,355701,57516,413217,375260,119034,494294,303751,49811,353562,262452,72939,335391,211924,110714,322638,109079,96448,205527,22704,19638,42342
2021-07-21,1810950,552553,2363503,161421,25750,187171,362223,57578,419801,376449,119236,495685,304350,49851,354201,262692,72996,335688,212014,110971,322985,109094,96506,205600,22707,19665,42372
2021-07-22,1847022,552838,2399860,186010,25757,211767,369854,57597,427451,378728,119266,497994,305432,49868,355300,263030,73048,336078,212120,111027,323147,109133,96573,205706,22715,19702,42417
2021-07-23,1866237,566594,2432831,198780,26056,224836,373683,59439,433122,380136,129510,509646,306232,50790,357022,263316,73255,336571,212202,111155,323357,109167,96655,205822,22721,19734,42455
2021-07-24,1867531,594117,2461648,199902,26637,226539,373761,60297,434058,380163,140599,520762,306263,64752,371015,263332,73808,337140,212209,111359,323568,109174,96882,206056,22727,19783,42510
2021-07-25,1892832,594238,2487070,215894,26639,242533,379440,60305,439745,382081,140612,522693,307488,64764,372252,263721,73816,337537,212269,111390,323659,109201,96910,206111,22738,19802,42540
2021-07-26,1901689,624636,2526325,223245,31798,255043,380173,69669,449842,382468,150167,532635,307750,69625,377375,263811,74589,338400,212289,111820,324109,109212,97108,206320,22741,19860,42601
2021-07-27,1915752,644404,2560156,234958,35382,270340,381414,75192,456606,383078,155924,539002,308056,72013,380069,263937,76143,340080,212339,112394,324733,109226,97415,206641,22744,19941,42685
2021-07-28,1953305,644971,2598276,267302,35422,302724,384050,75290,459340,384546,156186,540732,308791,72047,380838,264187,76190,340377,212415,112434,324849,109257,97446,206703,22757,19956,42713
2021-07-29,1988993,646371,2635364,296536,35550,332086,387606,75585,463191,386188,156829,543017,309627,72213,381840,264448,76267,340715,212503,112485,324988,109296,97474,206770,22789,19968,42757
2021-07-30,2003172,665042,2668214,306266,36904,343170,390007,85101,475108,387385,162437,549822,310191,73851,384042,264624,76598,341222,212559,112628,325187,109335,97526,206861,22805,19997,42802
2021-07-31,2003659,690203,2693862,306579,39922,346501,390089,99310,489399,387425,168682,556107,310211,74946,385157,264642,76962,341604,212568,112746,325314,109339,97603,206942,22806,20032,42838
2021-08-01,2003686,704232,2707918,306583,43219,349802,390092,105610,495702,387427,171470,558897,310215,75958,386173,264644,77374,342018,212573,112883,325456,109343,97663,207006,22809,20055,42864
2021-08-02,2007748,736792,2744540,308794,47288,356082,390942,125740,516682,387983,178189,566172,310499,77103,387602,264739,77679,342418,212617,113000,325617,109360,97718,207078,22814,20075,42889
2021-08-03,2019247,756964,2776211,318986,52419,371405,391482,130832,522314,388380,182548,570928,310687,82077,392764,264832,78140,342972,212658,113101,325759,109391,97758,207149,22831,20089,42920
2021-08-04,2022260,782043,2804303,320433,55478,375911,392197,135694,527891,388820,185709,574529,310919,95589,406508,264922,78465,343387,212716,113204,325920,109412,97804,207216,22841,20100,42941
2021-08-05,2030863,791507,2822370,326354,56728,383082,393516,141361,534877,389556,187521,577077,311321,96104,407425,265063,78601,343664,212772,113257,326029,109431,97825,207256,22850,20110,42960
2021-08-06,2032842,799286,2832128,327462,57059,384521,393877,142636,536513,389833,187956,577789,311462,96409,407871,265115,81127,346242,212808,116064,328872,109435,97905,207340,22850,20130,42980
2021-08-07,2035066,821631,2856697,329424,57080,386504,393969,142664,536633,389912,187982,577894,311496,96489,407985,265130,84279,349409,212828,134798,347626,109447,98158,207605,22860,20181,43041
2021-08-08,2035095,843525,2878620,329429,57093,386522,393969,142690,536659,389913,188003,577916,311498,96574,408072,265142,96747,361889,212834,143709,356543,109448,98475,207923,22862,20234,43096
2021-08-09,2035451,877017,2912468,329557,57257,386814,394051,143030,537081,389966,188354,578320,311526,99115,410641,265169,121863,387032,212853,148342,361195,109459,98774,208233,22870,20282,43152
2021-08-10,2035851,909862,2945713,329746,57833,387579,394121,143972,538093,390025,190292,580317,311564,102218,413782,265190,138894,404084,212864,157174,370038,109469,99126,208595,22872,20353,43225
2021-08-11,2038275,938983,2977258,331981,58026,390007,394186,144640,538826,390065,190980,581045,311592,107218,418810,265221,156750,421971,212880,161473,374353,109478,99473,208951,22872,20423,43295
2021-08-12,2038738,961007,2999745,332146,58663,390809,394291,145076,539367,390150,191395,581545,311642,111228,422870,265245,164740,429985,212896,169525,382421,109487,99874,209361,22881,20506,43387
2021-08-13,2038900,991887,3030787,332205,58840,391045,394334,145397,539731,390175,191702,581877,311655,112033,423688,265250,177222,442472,212901,185082,397983,109497,100878,210375,22883,20733,43616
2021-08-14,2038923,1012862,3051785,332206,59054,391260,394334,145760,540094,390177,192168,582345,311656,115790,427446,265258,190849,456107,212905,187237,400142,109501,101198,210699,22886,20806,43692
2021-08-15,2038948,1036982,3075930,332211,60066,392277,394337,147506,541843,390183,194984,585167,311662,129501,441163,265261,194154,459415,212906,188415,401321,109502,101465,210967,22886,20891,43777
2021-08-16,2052294,1044566,3096860,334955,60287,395242,396401,147798,544199,394267,196260,590527,314520,130812,445332,266278,195579,461857,213270,191101,404371,109677,101757,211434,22926,20972,43898
2021-08-17,2081256,1045608,3126864,349068,60314,409382,407959,147861,555820,396638,196460,593098,315017,131509,446526,266557,195617,462174,213355,191112,404467,109725,101763,211488,22937,20972,43909
2021-08-18,2094778,1055783,3150561,357928,60878,418806,410031,148935,558966,397958,197697,595655,315782,134359,450141,266873,198693,465566,213478,192276,405754,109783,101930,211713,22945,21015,43960
2021-08-19,2099836,1062891,3162727,361903,61600,423503,410493,150073,560566,398297,198409,596706,315990,136981,452971,266923,199870,466793,213494,192886,406380,109790,102032,211822,22946,21040,43986
2021-08-20,2105946,1082236,3188182,366502,62039,428541,411163,152049,563212,398728,200168,598896,316264,151549,467813,267009,200222,467231,213523,193073,406596,109808,102084,211892,22949,21052,44001
2021-08-21,2106499,1103131,3209630,366777,65461,432238,411273,157532,568805,398804,205209,604013,316308,157414,473722,267036,200980,468016,213536,193293,406829,109813,102166,211979,22952,21076,44028
2021-08-22,2106556,1124117,3230673,366798,68910,435708,411280,168224,579504,398812,209027,607839,316315,159472,475787,267046,201732,468778,213540,193463,407003,109813,102209,212022,22952,21080,44032
2021-08-23,2119996,1143595,3263591,378160,71797,449957,412218,181269,593487,399426,211057,610483,316653,160513,477166,267172,202056,469228,213582,193564,407146,109827,102246,212073,22958,21093,44051
2021-08-24,2121714,1167488,3289202,378982,89179,468161,412633,184563,597196,399705,212524,612229,316781,161682,478463,267226,202439,469665,213592,193697,407289,109834,102292,212126,22961,21112,44073
2021-08-25,2123681,1196895,3320576,380132,92763,472895,412999,186881,599880,399972,225389,625361,316888,171145,488033,267270,203255,470525,213611,193931,407542,109844,102391,212235,22965,21140,44105
2021-08-26,2124943,1228214,3353157,380679,96587,477266,413297,188794,602091,400180,226567,626747,317008,178407,495415,267303,216724,484027,213639,196934,410573,109865,102928,212793,22972,21273,44245
2021-08-27,2125857,1263660,3389517,381094,117877,498971,413497,194714,608211,400311,228458,628769,317089,183237,500326,267335,217866,485201,213668,197206,410874,109879,103010,212889,22984,21292,44276
2021-08-28,2125902,1287937,3413839,381103,136488,517591,413507,197781,611288,400316,229943,630259,317100,183998,501098,267337,218059,485396,213671,197327,410998,109882,103043,212925,22986,21298,44284
2021-08-29,2125964,1312060,3438024,381128,138692,519820,413519,199016,612535,400333,234030,634363,317105,199407,516512,267340,218779,486119,213671,197672,411343,109882,103148,213030,22986,21316,44302
2021-08-30,2143651,1326991,3470642,388493,139007,527500,417507,199668,617175,403779,236702,640481,319032,205311,524343,267931,221936,489867,213921,199459,413380,109981,103510,213491,23007,21398,44405
2021-08-31,2154910,1348512,3503422,393871,157422,551293,420056,200904,620960,405862,237794,643656,319832,205844,525676,268218,222072,490290,214032,199526,413558,110019,103542,213561,23020,21408,44428
2021-09-01,2156766,1379732,3536498,394556,185512,580068,420390,201811,622201,406259,238284,644543,320077,206336,526413,268319,222937,491256,214090,199842,413932,110050,103595,213645,23025,21415,44440
2021-09-02,2158631,1412798,3571429,396163,203315,599478,420515,205579,626094,406327,244705,651032,320111,210128,530239,268337,223770,492107,214098,200196,414294,110055,103678,213733,23025,21427,44452
2021-09-03,2159820,1443396,3603216,396764,214906,611670,420775,208682,629457,406489,254586,661075,320216,213775,533991,268373,225601,493974,214113,200623,414736,110062,103772,213834,23028,21451,44479
2021-09-04,2160704,1466672,3627376,397125,221139,618264,420992,215068,636060,406643,263911,670554,320293,214754,535047,268420,225831,494251,214134,200710,414844,110067,103805,213872,23030,21454,44484
2021-09-05,2161593,1490112,3651705,397502,223357,620859,421226,219548,640774,406801,278890,685691,320363,216168,536531,268456,226090,494546,214141,200779,414920,110073,103820,213893,23031,21460,44491
2021-09-06,2162800,1521108,3683908,398067,225859,623926,421544,220643,642187,406977,300317,707294,320455,220940,541395,268497,226967,495464,214153,201002,415155,110074,103901,213975,23033,21479,44512
2021-09-07,2163858,1558250,3722108,398552,227688,626240,421850,224509,646359,407139,315869,723008,320526,228327,548853,268513,233323,501836,214162,202675,416837,110081,104290,214371,23035,21569,44604
2021-09-08,2170642,1572262,3742904,402390,228476,630866,423345,228136,651481,407938,321171,729109,320919,230963,551882,268660,234452,503112,214227,203052,417279,110122,104407,214529,23041,21605,44646
2021-09-09,2173381,1599559,3772940,403760,232144,635904,424060,244980,669040,408305,325328,733633,321095,232994,554089,268728,234858,503586,214252,203166,417418,110137,104472,214609,23044,21617,44661
2021-09-10,2175464,1607870,3783334,404830,235495,640325,424596,246168,670764,408578,325851,734429,321234,235344,556578,268774,235541,504315,214269,203327,417596,110139,104521,214660,23044,21623,44667
2021-09-11,2176271,1613689,3789960,405629,236055,641684,424601,249207,673808,408579,326402,734981,321234,236784,558018,268776,235691,504467,214269,203386,417655,110139,104538,214677,23044,21626,44670
2021-09-12,2176302,1615489,3791791,405647,236533,642180,424605,249878,674483,408582,326799,735381,321237,236983,558220,268777,235728,504505,214271,203401,417672,110139,104540,214679,23044,21627,44671
2021-09-13,2190027,1616392,3806419,414393,236653,651046,429148,250269,679417,408825,326984,735809,321339,237115,558454,268822,235759,504581,214286,203426,417712,110161,104551,214712,23053,21635,44688
2021-09-14,2191837,1628570,3820407,415175,236951,652126,429533,250759,680292,409103,327542,736645,321525,245655,567180,268903,237667,506570,214345,203738,418083,110189,104609,214798,23064,21649,44713
2021-09-15,2192592,1665159,3857751,415520,239311,654831,429734,254483,684217,409219,334645,743864,321575,263093,584668,268918,242758,511676,214359,204362,418721,110198,104806,215004,23069,21701,44770
2021-09-16,2193368,1699845,3893213,415894,244699,660593,429939,273923,703862,409333,339489,748822,321621,266062,587683,268934,244290,513224,214369,204727,419096,110204,104929,215133,23074,21726,44800
2021-09-17,2200708,1720563,3921271,420408,257128,677536,431341,278547,709888,410102,341332,751434,322005,267328,589333,269104,244647,513751,214430,204861,419291,110236,104979,215215,23082,21741,44823
2021-09-18,2201093,1745506,3946599,420745,274335,695080,431355,282847,714202,410117,343359,753476,322015,268362,590377,269109,244907,514016,214432,204936,419368,110238,105012,215250,23082,21748,44830
2021-09-19,2209017,1755926,3964943,423665,281738,705403,433818,284611,718429,411506,344123,755629,322732,268699,591431,269336,244990,514326,214566,204988,419554,110302,105024,215326,23092,21753,44845
2021-09-20,2216537,1762381,3978918,429031,283071,712102,435095,287376,722471,412040,345340,757380,322929,269372,592301,269408,245287,514695,214627,205117,419744,110312,105057,215369,23095,21761,44856
2021-09-21,2233587,1768991,4002578,444241,287016,731257,436008,288853,724861,412567,345889,758456,323187,269742,592929,269502,245467,514969,214658,205176,419834,110325,105077,215402,23099,21771,44870
2021-09-22,2239887,1779018,4018905,448766,292839,741605,436933,291535,728468,413037,346576,759613,323410,270168,593578,269586,245679,515265,214705,205314,420019,110343,105118,215461,23107,21789,44896
2021-09-23,2242325,1788188,4030513,450167,299393,749560,437574,292902,730476,413277,347233,760510,323503,270566,594069,269618,245791,515409,214728,205372,420100,110349,105140,215489,23109,21791,44900
2021-09-24,2248292,1793732,4042024,452724,302810,755534,439236,293658,732894,414620,347787,762407,323751,271168,594919,269711,245932,515643,214779,205420,420199,110360,105161,215521,23111,21796,44907
2021-09-25,2250365,1798378,4048743,453404,304185,757589,440170,294881,735051,414898,348686,763584,323871,272082,595953,269760,246112,515872,214785,205458,420243,110364,105176,215540,23113,21798,44911
2021-09-26,2251572,1820569,4072141,453597,305415,759012,440326,297987,738313,415183,357880,773063,324226,280051,604277,269927,246620,516547,214822,205576,420398,110378,105230,215608,23113,21810,44923
2021-09-27,2253565,1840923,4094488,454645,308336,762981,440743,307553,748296,415427,363339,778766,324364,282008,606372,270025,246934,516959,214854,205657,420511,110392,105273,215665,23115,21823,44938
