FECHA,TotalM,TotalF,Total,<=30M,<=30F,<=30,31-40M,31-40F,31-40,41-50M,41-50F,41-50,51-60M,51-60F,51-60,61-70M,61-70F,61-70,71-80M,71-80F,71-80,81-90M,81-90F,81-90,>=91M,>=91F,>=91
2020-12-29,299,476,775,44,76,120,104,144,248,93,154,247,57,100,157,1,2,3,0,0,0,0,0,0,0,0,0
2020-12-30,339,564,903,51,113,164,122,173,295,96,175,271,68,102,170,2,1,3,0,0,0,0,0,0,0,0,0
2020-12-31,46,51,97,7,3,10,14,17,31,16,21,37,9,9,18,0,1,1,0,0,0,0,0,0,0,0,0
2021-01-01,0,0,0,0,0,0,0,0,0,0,0,0,0,0,0,0,0,0,0,0,0,0,0,0,0,0,0
2021-01-02,153,277,430,14,33,47,58,109,167,50,80,130,30,54,84,1,1,2,0,0,0,0,0,0,0,0,0
2021-01-03,55,114,169,9,17,26,25,48,73,12,30,42,9,19,28,0,0,0,0,0,0,0,0,0,0,0,0
2021-01-04,356,584,940,61,101,162,116,203,319,103,175,278,75,105,180,1,0,1,0,0,0,0,0,0,0,0,0
2021-01-05,513,814,1327,73,137,210,216,271,487,126,247,373,97,155,252,1,3,4,0,1,1,0,0,0,0,0,0
2021-01-06,566,872,1438,99,162,261,211,262,473,158,257,415,96,190,286,2,1,3,0,0,0,0,0,0,0,0,0
2021-01-07,574,1015,1589,90,169,259,201,349,550,161,302,463,122,195,317,0,0,0,0,0,0,0,0,0,0,0,0
2021-01-08,670,1187,1857,121,230,351,227,405,632,192,342,534,125,207,332,5,3,8,0,0,0,0,0,0,0,0,0
2021-01-09,169,275,444,14,40,54,72,102,174,52,89,141,31,44,75,0,0,0,0,0,0,0,0,0,0,0,0
2021-01-10,209,362,571,33,48,81,89,152,241,54,102,156,31,60,91,2,0,2,0,0,0,0,0,0,0,0,0
2021-01-11,661,1201,1862,111,258,369,267,404,671,176,327,503,105,209,314,2,3,5,0,0,0,0,0,0,0,0,0
2021-01-12,595,1097,1692,97,191,288,236,388,624,151,294,445,110,223,333,1,1,2,0,0,0,0,0,0,0,0,0
2021-01-13,466,893,1359,79,180,259,164,325,489,129,234,363,93,154,247,1,0,1,0,0,0,0,0,0,0,0,0
2021-01-14,804,1424,2228,169,282,451,292,488,780,220,397,617,123,256,379,0,1,1,0,0,0,0,0,0,0,0,0
2021-01-15,1196,2228,3424,215,453,668,467,772,1239,308,615,923,206,385,591,0,3,3,0,0,0,0,0,0,0,0,0
2021-01-16,476,861,1337,96,154,250,178,329,507,120,245,365,82,133,215,0,0,0,0,0,0,0,0,0,0,0,0
2021-01-17,285,547,832,66,93,159,113,215,328,72,155,227,34,84,118,0,0,0,0,0,0,0,0,0,0,0,0
2021-01-18,188,319,507,28,54,82,60,104,164,57,106,163,43,55,98,0,0,0,0,0,0,0,0,0,0,0,0
2021-01-19,286,472,758,36,67,103,82,171,253,95,146,241,71,87,158,2,1,3,0,0,0,0,0,0,0,0,0
2021-01-20,293,505,798,31,96,127,109,150,259,89,159,248,64,98,162,0,2,2,0,0,0,0,0,0,0,0,0
2021-01-21,129,187,316,23,29,52,44,52,96,34,63,97,23,41,64,5,1,6,0,1,1,0,0,0,0,0,0
2021-01-22,34,49,83,6,10,16,13,14,27,12,17,29,2,7,9,1,1,2,0,0,0,0,0,0,0,0,0
2021-01-23,119,203,322,10,22,32,45,81,126,39,60,99,24,40,64,1,0,1,0,0,0,0,0,0,0,0,0
2021-01-24,44,89,133,5,10,15,20,37,57,11,26,37,8,16,24,0,0,0,0,0,0,0,0,0,0,0,0
2021-01-25,281,460,741,45,77,122,84,148,232,80,144,224,70,90,160,2,1,3,0,0,0,0,0,0,0,0,0
2021-01-26,371,646,1017,41,105,146,146,184,330,105,216,321,76,137,213,3,4,7,0,0,0,0,0,0,0,0,0
2021-01-27,446,663,1109,74,116,190,169,197,366,117,194,311,82,155,237,4,1,5,0,0,0,0,0,0,0,0,0
2021-01-28,460,809,1269,75,145,220,152,273,425,129,226,355,103,164,267,1,1,2,0,0,0,0,0,0,0,0,0
2021-01-29,638,1065,1703,102,188,290,244,376,620,183,307,490,105,190,295,4,4,8,0,0,0,0,0,0,0,0,0
2021-01-30,153,262,415,19,39,58,60,104,164,45,79,124,29,40,69,0,0,0,0,0,0,0,0,0,0,0,0
2021-01-31,118,225,343,23,33,56,42,93,135,32,60,92,20,39,59,1,0,1,0,0,0,0,0,0,0,0,0
2021-02-01,546,943,1489,91,175,266,224,332,556,150,255,405,80,177,257,1,4,5,0,0,0,0,0,0,0,0,0
2021-02-02,1183,2005,3188,113,244,357,289,465,754,206,437,643,226,464,690,306,363,669,37,30,67,5,2,7,1,0,1
2021-02-03,1267,2310,3577,138,326,464,324,617,941,253,546,799,246,474,720,267,318,585,36,27,63,3,2,5,0,0,0
2021-02-04,1242,2324,3566,159,324,483,359,664,1023,292,566,858,221,482,703,167,250,417,39,35,74,4,3,7,1,0,1
2021-02-05,1908,3713,5621,280,578,858,620,1170,1790,405,910,1315,357,735,1092,190,276,466,51,42,93,5,2,7,0,0,0
2021-02-06,442,806,1248,81,118,199,136,276,412,116,230,346,86,155,241,22,26,48,1,1,2,0,0,0,0,0,0
2021-02-07,353,652,1005,54,90,144,113,237,350,110,192,302,58,111,169,16,21,37,2,1,3,0,0,0,0,0,0
2021-02-08,867,1593,2460,128,280,408,278,501,779,210,427,637,150,272,422,89,103,192,11,10,21,1,0,1,0,0,0
2021-02-09,991,1926,2917,141,342,483,303,568,871,227,461,688,181,404,585,120,145,265,14,6,20,5,0,5,0,0,0
2021-02-10,541,1026,1567,83,165,248,134,324,458,145,263,408,108,205,313,59,62,121,9,7,16,3,0,3,0,0,0
2021-02-11,455,1060,1515,71,180,251,145,345,490,97,267,364,72,198,270,57,62,119,12,8,20,1,0,1,0,0,0
2021-02-12,506,947,1453,73,153,226,166,332,498,114,277,391,90,138,228,47,40,87,13,7,20,3,0,3,0,0,0
2021-02-13,28,44,72,2,8,10,11,17,28,6,9,15,8,9,17,0,1,1,1,0,1,0,0,0,0,0,0
2021-02-14,6,24,30,2,7,9,2,7,9,0,10,10,2,0,2,0,0,0,0,0,0,0,0,0,0,0,0
2021-02-15,0,0,0,0,0,0,0,0,0,0,0,0,0,0,0,0,0,0,0,0,0,0,0,0,0,0,0
2021-02-16,11,36,47,1,1,2,8,18,26,2,13,15,0,3,3,0,0,0,0,1,1,0,0,0,0,0,0
2021-02-17,799,1504,2303,127,228,355,246,450,696,171,432,603,146,286,432,97,104,201,12,4,16,0,0,0,0,0,0
2021-02-18,1849,3880,5729,218,540,758,523,1047,1570,379,1023,1402,364,783,1147,267,387,654,79,94,173,19,6,25,0,0,0
2021-02-19,1671,3816,5487,195,534,729,448,1115,1563,428,982,1410,309,737,1046,211,334,545,65,104,169,12,10,22,3,0,3
2021-02-20,453,785,1238,45,83,128,136,272,408,112,193,305,88,150,238,53,82,135,18,5,23,1,0,1,0,0,0
2021-02-21,329,504,833,35,65,100,93,187,280,80,131,211,79,86,165,33,30,63,7,5,12,2,0,2,0,0,0
2021-02-22,3424,6244,9668,195,445,640,352,864,1216,268,699,967,255,545,800,312,313,625,396,534,930,1479,2418,3897,167,426,593
2021-02-23,3981,7399,11380,252,528,780,446,1097,1543,426,1002,1428,363,800,1163,478,611,1089,359,500,859,1478,2425,3903,179,436,615
2021-02-24,4057,7610,11667,257,462,719,552,1053,1605,447,967,1414,327,751,1078,385,501,886,396,611,1007,1528,2760,4288,165,505,670
2021-02-25,4047,7548,11595,234,532,766,523,1089,1612,492,893,1385,372,786,1158,344,492,836,338,571,909,1540,2675,4215,204,510,714
2021-02-26,3921,7896,11817,250,561,811,544,1116,1660,379,955,1334,396,853,1249,353,504,857,360,536,896,1449,2805,4254,190,566,756
2021-02-27,526,1095,1621,40,74,114,99,127,226,88,122,210,60,107,167,56,102,158,65,126,191,103,306,409,15,131,146
2021-02-28,154,353,507,15,17,32,30,59,89,17,34,51,13,16,29,34,33,67,15,38,53,25,94,119,5,62,67
2021-03-01,3085,6069,9154,111,231,342,261,523,784,222,397,619,165,383,548,193,249,442,357,561,918,1576,3191,4767,200,534,734
2021-03-02,3038,5866,8904,126,298,424,231,503,734,174,426,600,156,345,501,186,312,498,370,570,940,1584,2905,4489,211,507,718
2021-03-03,2881,5801,8682,133,258,391,250,595,845,221,495,716,159,386,545,138,235,373,304,518,822,1462,2776,4238,214,538,752
2021-03-04,1275,2864,4139,123,319,442,231,555,786,186,419,605,139,332,471,119,227,346,118,203,321,328,673,1001,31,136,167
2021-03-05,1113,2592,3705,94,245,339,249,576,825,196,546,742,165,401,566,118,217,335,74,144,218,185,383,568,32,80,112
2021-03-06,656,2325,2981,40,238,278,175,525,700,135,510,645,102,428,530,28,56,84,66,145,211,87,303,390,23,120,143
2021-03-07,647,2065,2712,35,191,226,145,490,635,147,456,603,122,361,483,35,44,79,68,132,200,75,250,325,20,141,161
2021-03-08,1453,3322,4775,91,253,344,183,444,627,134,387,521,137,350,487,131,271,402,179,309,488,526,1009,1535,72,299,371
2021-03-09,3765,6845,10610,158,306,464,334,685,1019,272,532,804,252,502,754,271,354,625,419,670,1089,1833,3128,4961,226,668,894
2021-03-10,4041,8716,12757,212,518,730,387,1123,1510,336,1111,1447,349,994,1343,224,334,558,403,645,1048,1882,3321,5203,248,670,918
2021-03-11,5186,12319,17505,410,914,1324,743,2033,2776,566,2186,2752,525,1625,2150,366,535,901,444,738,1182,1922,3648,5570,210,640,850
2021-03-12,3806,10298,14104,432,1048,1480,831,2525,3356,681,2526,3207,578,1861,2439,289,457,746,230,329,559,659,1281,1940,106,271,377
2021-03-13,1492,5101,6593,194,783,977,418,1502,1920,378,1402,1780,298,963,1261,90,129,219,30,79,109,67,175,242,17,68,85
2021-03-14,1044,3954,4998,97,513,610,305,1104,1409,292,1223,1515,242,936,1178,80,133,213,25,40,65,3,5,8,0,0,0
2021-03-15,2972,8970,11942,261,1025,1286,645,2213,2858,554,2165,2719,503,1691,2194,283,523,806,212,326,538,446,900,1346,68,127,195
2021-03-16,3928,9448,13376,267,844,1111,612,1782,2394,564,1719,2283,459,1426,1885,334,599,933,378,570,948,1204,2196,3400,110,312,422
2021-03-17,4176,9239,13415,293,680,973,621,1702,2323,577,1617,2194,449,1223,1672,391,705,1096,424,675,1099,1277,2305,3582,144,332,476
2021-03-18,4378,9854,14232,339,903,1242,744,1925,2669,682,1769,2451,582,1438,2020,323,593,916,440,692,1132,1128,2153,3281,140,381,521
2021-03-19,4152,9878,14030,353,996,1349,777,2063,2840,775,1866,2641,628,1487,2115,252,379,631,302,510,812,913,2047,2960,152,530,682
2021-03-20,2185,4937,7122,70,221,291,207,475,682,191,464,655,197,470,667,457,1076,1533,385,623,1008,580,1300,1880,98,308,406
2021-03-21,1674,3464,5138,24,62,86,71,134,205,43,81,124,95,195,290,637,1420,2057,419,686,1105,331,709,1040,54,177,231
2021-03-22,2074,4464,6538,166,295,461,308,685,993,239,573,812,231,642,873,574,1442,2016,468,683,1151,75,119,194,13,25,38
2021-03-23,3018,6941,9959,120,269,389,259,576,835,214,530,744,205,459,664,408,870,1278,454,741,1195,1157,2719,3876,201,777,978
2021-03-24,1859,4128,5987,6,17,23,12,28,40,10,26,36,38,63,101,238,565,803,343,657,1000,1056,2270,3326,156,502,658
2021-03-25,2101,4277,6378,130,297,427,257,557,814,244,433,677,162,317,479,93,155,248,305,460,765,789,1651,2440,121,407,528
2021-03-26,1106,2623,3729,37,94,131,109,196,305,76,171,247,86,138,224,120,384,504,183,394,577,414,927,1341,81,319,400
2021-03-27,736,1862,2598,2,6,8,5,15,20,3,13,16,5,22,27,17,40,57,149,330,479,486,1080,1566,69,356,425
2021-03-28,710,1884,2594,2,4,6,3,7,10,1,11,12,8,12,20,30,39,69,142,259,401,433,1144,1577,91,408,499
2021-03-29,2300,5829,8129,200,526,726,420,1092,1512,347,898,1245,280,739,1019,151,285,436,237,395,632,554,1405,1959,111,489,600
2021-03-30,3148,7220,10368,119,293,412,245,654,899,228,534,762,1053,2375,3428,767,1242,2009,368,694,1062,305,1042,1347,63,386,449
2021-03-31,4159,8508,12667,229,529,758,494,1240,1734,433,1080,1513,236,496,732,161,218,379,2043,3172,5215,462,1296,1758,101,477,578
2021-04-01,4528,7580,12108,25,29,54,26,84,110,541,1035,1576,387,755,1142,68,201,269,3065,4348,7413,350,862,1212,66,266,332
2021-04-02,4415,7213,11628,1,3,4,2,7,9,911,1734,2645,7,14,21,15,26,41,3168,4646,7814,273,612,885,38,171,209
2021-04-03,3752,6084,9836,1,8,9,3,4,7,8,7,15,9,7,16,9,11,20,3580,5638,9218,108,293,401,34,116,150
2021-04-04,1103,1750,2853,0,0,0,1,1,2,1,6,7,4,5,9,18,17,35,1069,1693,2762,5,17,22,5,11,16
2021-04-05,6073,9787,15860,88,127,215,75,198,273,77,205,282,79,196,275,133,191,324,5461,8511,13972,128,264,392,32,95,127
2021-04-06,6835,11004,17839,103,149,252,125,224,349,70,148,218,61,122,183,112,181,293,6103,9540,15643,217,487,704,44,153,197
2021-04-07,7561,11918,19479,91,120,211,124,266,390,74,172,246,79,143,222,654,811,1465,6131,9501,15632,345,728,1073,63,177,240
2021-04-08,8484,12088,20572,163,165,328,209,268,477,103,157,260,84,167,251,1526,2230,3756,6222,8802,15024,153,221,374,24,78,102
2021-04-09,7349,11274,18623,128,247,375,223,388,611,123,258,381,90,184,274,1342,1854,3196,5265,7870,13135,147,334,481,31,139,170
2021-04-10,3101,4761,7862,48,108,156,64,151,215,77,121,198,54,122,176,655,1006,1661,2142,3170,5312,54,54,108,7,29,36
2021-04-11,2912,4619,7531,48,108,156,97,182,279,53,162,215,65,166,231,599,910,1509,2017,2998,5015,29,62,91,4,31,35
2021-04-12,8112,12520,20632,131,243,374,181,352,533,115,226,341,110,195,305,1612,2305,3917,5850,8920,14770,89,199,288,24,80,104
2021-04-13,7672,11781,19453,205,187,392,230,339,569,219,234,453,193,373,566,1966,3417,5383,4716,6873,11589,123,262,385,20,96,116
2021-04-14,6591,9802,16393,232,76,308,182,166,348,156,185,341,65,68,133,814,1025,1839,3834,5932,9766,1167,1952,3119,141,398,539
2021-04-15,3277,5706,8983,136,46,182,101,39,140,79,23,102,42,47,89,1291,2815,4106,1526,2487,4013,83,194,277,19,55,74
2021-04-16,3800,5742,9542,100,33,133,48,27,75,42,24,66,16,16,32,628,839,1467,2584,3853,6437,320,757,1077,62,193,255
2021-04-17,317,488,805,16,14,30,25,17,42,37,33,70,37,31,68,43,40,83,139,272,411,18,57,75,2,24,26
2021-04-18,147,161,308,16,6,22,22,16,38,29,33,62,43,29,72,9,17,26,15,17,32,9,29,38,4,14,18
2021-04-19,4045,6360,10405,159,30,189,64,13,77,50,15,65,16,13,29,491,678,1169,2804,4394,7198,396,979,1375,65,238,303
2021-04-20,6166,10581,16747,163,62,225,81,70,151,67,84,151,452,1059,1511,3018,4928,7946,1603,2445,4048,584,1339,1923,198,594,792
2021-04-21,8410,12092,20502,84,46,130,49,45,94,46,45,91,85,215,300,7756,10934,18690,330,624,954,47,127,174,13,56,69
2021-04-22,10068,13917,23985,47,46,93,39,46,85,32,52,84,42,64,106,9461,12966,22427,369,588,957,69,123,192,9,32,41
2021-04-23,10204,13206,23410,27,47,74,47,55,102,51,75,126,70,76,146,9733,12353,22086,218,390,608,50,142,192,8,68,76
2021-04-24,2913,3516,6429,5,9,14,5,8,13,15,16,31,18,22,40,2616,3190,5806,215,188,403,29,63,92,10,20,30
2021-04-25,81,124,205,2,2,4,4,3,7,5,12,17,9,7,16,57,79,136,2,9,11,0,8,8,2,4,6
2021-04-26,1504,2380,3884,14,6,20,11,12,23,9,10,19,5,16,21,1316,2012,3328,128,222,350,15,76,91,6,26,32
2021-04-27,1381,2852,4233,76,71,147,49,92,141,43,67,110,33,58,91,899,1668,2567,230,718,948,45,141,186,6,37,43
2021-04-28,7064,16031,23095,721,1833,2554,1551,4310,5861,1287,3849,5136,1016,2954,3970,2246,2633,4879,203,321,524,34,96,130,6,35,41
2021-04-29,6536,13154,19690,454,1321,1775,1077,3197,4274,1034,2994,4028,862,2362,3224,2736,2675,5411,295,374,669,58,166,224,20,65,85
2021-04-30,1327,1983,3310,71,125,196,97,177,274,47,94,141,31,73,104,833,1110,1943,201,281,482,36,81,117,11,42,53
2021-05-01,531,1059,1590,10,30,40,56,99,155,22,53,75,23,38,61,311,593,904,91,158,249,16,59,75,2,29,31
2021-05-02,4293,9836,14129,308,940,1248,811,2169,2980,811,2074,2885,637,1624,2261,493,1049,1542,1190,1840,3030,37,99,136,6,41,47
2021-05-03,8202,11530,19732,56,105,161,103,165,268,52,89,141,822,1161,1983,4894,6497,11391,2177,3270,5447,82,183,265,16,60,76
2021-05-04,11561,14285,25846,91,122,213,95,177,272,45,99,144,1978,2470,4448,9029,10983,20012,267,315,582,43,78,121,13,41,54
2021-05-05,10640,15312,25952,122,188,310,211,191,402,230,136,366,575,669,1244,3113,4626,7739,6085,8728,14813,267,624,891,37,150,187
2021-05-06,3615,5355,8970,110,99,209,155,116,271,199,56,255,423,425,848,1655,2731,4386,985,1780,2765,68,113,181,20,35,55
2021-05-07,7956,13085,21041,136,288,424,227,517,744,196,383,579,258,508,766,1382,2812,4194,5619,8259,13878,114,230,344,24,88,112
2021-05-08,2388,15283,17671,182,1610,1792,470,3496,3966,503,4601,5104,565,3636,4201,576,1787,2363,68,91,159,14,40,54,10,22,32
2021-05-09,137,223,360,0,0,0,0,0,0,1,0,1,22,12,34,70,78,148,14,21,35,22,65,87,8,47,55
2021-05-10,827,2514,3341,27,42,69,31,53,84,27,44,71,148,251,399,317,1419,1736,198,462,660,63,170,233,16,73,89
2021-05-11,3289,3926,7215,21,36,57,31,59,90,31,55,86,629,743,1372,2395,2687,5082,131,185,316,37,103,140,14,58,72
2021-05-12,3568,4408,7976,35,32,67,46,62,108,41,61,102,683,793,1476,2491,2793,5284,170,374,544,86,204,290,16,89,105
2021-05-13,2887,5376,8263,55,105,160,94,232,326,78,157,235,179,311,490,884,1708,2592,1493,2512,4005,86,250,336,18,101,119
2021-05-14,1330,3053,4383,53,96,149,92,189,281,74,136,210,169,235,404,586,1471,2057,284,656,940,54,181,235,18,89,107
2021-05-15,6412,5173,11585,20,41,61,38,67,105,30,49,79,1197,1205,2402,4992,3462,8454,96,174,270,30,121,151,9,54,63
2021-05-16,873,2305,3178,58,193,251,208,701,909,253,710,963,177,400,577,129,153,282,25,42,67,13,74,87,10,32,42
2021-05-17,4269,4328,8597,49,89,138,171,419,590,105,290,395,838,779,1617,2820,2199,5019,229,380,609,41,112,153,16,60,76
2021-05-18,4558,3904,8462,29,53,82,62,76,138,60,79,139,863,845,1708,3409,2514,5923,98,196,294,28,95,123,9,46,55
2021-05-19,3448,3326,6774,41,100,141,110,214,324,45,116,161,632,636,1268,2444,1812,4256,131,315,446,35,92,127,10,41,51
2021-05-20,10575,11949,22524,71,144,215,150,237,387,88,179,267,2925,3315,6240,6593,6502,13095,577,1025,1602,146,439,585,25,108,133
2021-05-21,2145,4387,6532,104,259,363,187,547,734,107,397,504,97,347,444,448,833,1281,1119,1792,2911,75,158,233,8,54,62
2021-05-22,1524,2126,3650,52,75,127,42,62,104,23,63,86,208,261,469,968,1233,2201,195,342,537,31,70,101,5,20,25
2021-05-23,2373,2360,4733,24,46,70,26,67,93,24,41,65,1008,1088,2096,1185,883,2068,80,153,233,19,65,84,7,17,24
2021-05-24,691,1567,2258,37,82,119,66,133,199,37,101,138,224,238,462,271,877,1148,51,103,154,5,25,30,0,8,8
2021-05-25,4600,8477,13077,10,21,31,6,16,22,2,16,18,178,172,350,277,742,1019,479,835,1314,3243,5700,8943,405,975,1380
2021-05-26,2267,3397,5664,34,49,83,42,81,123,35,71,106,1071,963,2034,199,334,533,166,313,479,617,1310,1927,103,276,379
2021-05-27,9304,14950,24254,61,117,178,96,163,259,93,162,255,2680,2451,5131,279,206,485,683,1187,1870,4819,9064,13883,593,1600,2193
2021-05-28,10509,14818,25327,107,156,263,171,244,415,292,270,562,5795,6774,12569,229,238,467,520,815,1335,3018,5326,8344,377,995,1372
2021-05-29,8953,8319,17272,4,8,12,10,12,22,630,471,1101,7751,6919,14670,187,229,416,75,128,203,262,478,740,34,74,108
2021-05-30,8308,7547,15855,6,8,14,6,7,13,1773,1542,3315,6379,5832,12211,84,78,162,23,28,51,31,42,73,6,10,16
2021-05-31,11531,15314,26845,95,177,272,164,281,445,6348,6049,12397,3400,5513,8913,609,868,1477,187,362,549,629,1687,2316,99,377,476
2021-06-01,11102,12582,23684,191,255,446,597,413,1010,7058,7374,14432,2182,2517,4699,116,172,288,161,277,438,732,1293,2025,65,281,346
2021-06-02,9031,12812,21843,615,649,1264,1702,2599,4301,4009,5288,9297,2024,2596,4620,157,207,364,124,211,335,331,943,1274,69,319,388
2021-06-03,12642,19450,32092,3019,5032,8051,5229,7962,13191,3261,4398,7659,574,843,1417,147,201,348,89,190,279,273,631,904,50,193,243
2021-06-04,13215,16261,29476,2962,3584,6546,4767,4743,9510,2948,4214,7162,1015,1392,2407,1050,1164,2214,303,529,832,134,489,623,36,146,182
2021-06-05,10870,10199,21069,2662,2373,5035,4773,3923,8696,1834,1714,3548,672,685,1357,644,722,1366,146,283,429,107,360,467,32,139,171
2021-06-06,8402,9789,18191,3041,4029,7070,3795,4094,7889,921,731,1652,423,375,798,76,80,156,57,130,187,67,207,274,22,143,165
2021-06-07,13616,14136,27752,3081,3354,6435,3302,2746,6048,3289,3136,6425,3329,3884,7213,376,399,775,121,219,340,85,259,344,33,139,172
2021-06-08,12631,17013,29644,1004,1482,2486,1357,2038,3395,1475,2052,3527,8077,9934,18011,146,197,343,192,327,519,323,717,1040,57,266,323
2021-06-09,12576,13122,25698,335,337,672,646,670,1316,705,557,1262,10696,11089,21785,94,129,223,54,87,141,32,144,176,14,109,123
2021-06-10,14262,14925,29187,762,858,1620,1053,1207,2260,1914,2003,3917,10098,10084,20182,290,369,659,86,155,241,40,161,201,19,88,107
2021-06-11,9703,15721,25424,199,234,433,469,306,775,745,657,1402,1379,1494,2873,136,238,374,925,1445,2370,5315,9772,15087,535,1575,2110
2021-06-12,6323,7837,14160,438,593,1031,609,796,1405,1352,1552,2904,3084,3021,6105,48,81,129,144,293,437,568,1180,1748,80,321,401
2021-06-13,4109,4395,8504,202,255,457,283,329,612,907,963,1870,2636,2723,5359,37,40,77,12,19,31,26,57,83,6,9,15
2021-06-14,6079,6661,12740,746,855,1601,1029,1062,2091,1345,1346,2691,2656,2816,5472,46,65,111,39,92,131,194,337,531,24,88,112
2021-06-15,13939,13645,27584,119,179,298,203,286,489,429,453,882,12533,11599,24132,215,222,437,141,308,449,260,480,740,39,118,157
2021-06-16,7589,10233,17822,419,630,1049,833,1054,1887,1789,2109,3898,2048,2240,4288,160,214,374,1890,2752,4642,377,920,1297,73,314,387
2021-06-17,11548,14255,25803,194,285,479,437,437,874,2982,3224,6206,4186,4294,8480,527,683,1210,2750,4052,6802,393,950,1343,79,330,409
2021-06-18,14415,15181,29596,661,824,1485,1064,1116,2180,8415,8018,16433,3203,3282,6485,398,542,940,487,794,1281,158,435,593,29,170,199
2021-06-19,10605,11552,22157,211,300,511,143,246,389,8289,8436,16725,1463,1429,2892,250,282,532,102,214,316,115,417,532,32,228,260
2021-06-20,4,4,8,0,1,1,2,0,2,1,2,3,0,0,0,0,1,1,1,0,1,0,0,0,0,0,0
2021-06-21,6020,6110,12130,23,22,45,40,56,96,5057,5003,10060,651,623,1274,155,188,343,68,92,160,20,89,109,6,37,43
2021-06-22,5088,5191,10279,152,257,409,213,283,496,2346,2218,4564,1728,1502,3230,443,485,928,146,211,357,42,155,197,18,80,98
2021-06-23,9591,9610,19201,138,241,379,187,361,548,7888,7551,15439,1103,926,2029,141,223,364,67,118,185,53,131,184,14,59,73
2021-06-24,15405,19461,34866,205,408,613,641,4175,4816,13085,13020,26105,1078,1184,2262,232,314,546,127,215,342,32,106,138,5,39,44
2021-06-25,12881,18743,31624,402,1185,1587,719,3037,3756,4832,4933,9765,965,1111,2076,4568,6194,10762,1167,1641,2808,192,503,695,36,139,175
2021-06-26,9298,11966,21264,38,42,80,38,51,89,844,834,1678,563,698,1261,6840,8697,15537,787,1205,1992,160,338,498,28,101,129
2021-06-27,8138,8986,17124,64,108,172,77,140,217,3518,3591,7109,2782,2809,5591,1045,1227,2272,548,825,1373,87,239,326,17,47,64
2021-06-28,17282,19703,36985,698,1669,2367,605,2416,3021,13829,12893,26722,1256,1277,2533,698,1011,1709,145,255,400,40,109,149,11,73,84
2021-06-29,18249,18649,36898,199,354,553,457,819,1276,15759,14907,30666,755,787,1542,713,1043,1756,243,422,665,109,234,343,14,83,97
2021-06-30,19541,19262,38803,154,199,353,5148,4897,10045,12258,11642,23900,669,653,1322,1161,1524,2685,105,190,295,36,93,129,10,64,74
2021-07-01,12718,13364,26082,107,217,324,4799,4754,9553,5537,5221,10758,956,1054,2010,802,1099,1901,353,573,926,138,326,464,26,120,146
2021-07-02,9820,18215,28035,587,1188,1775,2349,3764,6113,1522,1737,3259,350,515,865,822,1378,2200,641,1196,1837,3078,6836,9914,471,1601,2072
2021-07-03,10909,12280,23189,18,37,55,6045,5318,11363,2556,2720,5276,500,574,1074,406,537,943,334,627,961,922,1968,2890,128,499,627
2021-07-04,10430,10326,20756,515,844,1359,9193,8448,17641,406,468,874,132,123,255,88,128,216,57,79,136,28,154,182,11,82,93
2021-07-05,5049,5488,10537,265,404,669,3526,3006,6532,247,285,532,137,130,267,319,462,781,235,406,641,277,604,881,43,191,234
2021-07-06,12989,12143,25132,424,663,1087,11603,9840,21443,270,327,597,187,242,429,180,209,389,103,217,320,186,488,674,36,157,193
2021-07-07,5602,6224,11826,152,148,300,3929,3567,7496,655,905,1560,251,388,639,139,212,351,149,308,457,281,543,824,46,153,199
2021-07-08,18815,16291,35106,366,532,898,15039,12304,27343,2288,2064,4352,709,735,1444,282,359,641,70,126,196,46,132,178,15,39,54
2021-07-09,12841,13020,25861,676,726,1402,8685,8232,16917,2211,2197,4408,839,835,1674,267,414,681,138,520,658,21,76,97,4,20,24
2021-07-10,10772,11453,22225,1458,1760,3218,7952,7826,15778,379,428,807,177,230,407,464,546,1010,254,423,677,77,191,268,11,49,60
2021-07-11,2134,3634,5768,257,360,617,1066,1286,2352,158,378,536,72,198,270,24,38,62,106,204,310,399,956,1355,52,214,266
2021-07-12,17947,15977,33924,3045,2943,5988,13968,11745,25713,440,529,969,230,272,502,107,169,276,60,126,186,80,146,226,17,47,64
2021-07-13,10300,8758,19058,1782,1634,3416,7349,5984,13333,744,627,1371,271,272,543,95,101,196,39,65,104,14,45,59,6,30,36
2021-07-14,3458,3300,6758,634,717,1351,2272,1900,4172,304,366,670,159,165,324,53,62,115,15,46,61,15,26,41,6,18,24
2021-07-15,13936,19551,33487,418,699,1117,1272,2354,3626,6854,7040,13894,1200,2347,3547,710,1136,1846,2559,3757,6316,801,1763,2564,122,455,577
2021-07-16,13776,19633,33409,337,418,755,1007,2968,3975,7253,8033,15286,493,676,1169,149,195,344,4067,6004,10071,400,1059,1459,70,280,350
2021-07-17,12152,13392,25544,1393,1739,3132,5119,5373,10492,4251,4460,8711,775,847,1622,243,261,504,292,499,791,64,169,233,15,44,59
2021-07-18,11160,11932,23092,2990,3784,6774,2878,2625,5503,3607,3605,7212,1432,1449,2881,167,233,400,64,138,202,19,77,96,3,21,24
2021-07-19,16585,17873,34458,2680,3289,5969,1452,2547,3999,10828,9982,20810,1095,1090,2185,199,224,423,132,209,341,152,416,568,47,116,163
2021-07-20,18393,19577,37970,7412,8457,15869,2503,2879,5382,7325,6709,14034,712,762,1474,188,230,418,153,291,444,82,190,272,18,59,77
2021-07-21,18583,18809,37392,13951,14036,27987,3314,3297,6611,685,717,1402,328,315,643,150,148,298,124,223,347,24,49,73,7,24,31
2021-07-22,19002,17404,36406,12991,11623,24614,4079,3587,7666,1167,1154,2321,497,604,1101,162,229,391,68,94,162,29,77,106,9,36,45
2021-07-23,15484,17530,33014,5951,7126,13077,2794,2885,5679,5644,6025,11669,786,942,1728,198,298,496,78,132,210,30,86,116,3,36,39
2021-07-24,14234,14601,28835,734,975,1709,484,453,937,5661,5458,11119,6925,7073,13998,255,315,570,92,120,212,77,157,234,6,50,56
2021-07-25,11595,13841,25436,6906,9094,16000,2925,2767,5692,899,1033,1932,619,619,1238,193,205,398,34,57,91,15,40,55,4,26,30
2021-07-26,17529,21811,39340,5542,6988,12530,4424,5686,10110,4570,5393,9963,2415,2729,5144,365,506,871,143,309,452,62,147,209,8,53,61
2021-07-27,15170,18708,33878,7055,8258,15313,2961,3815,6776,2784,3588,6372,1236,1465,2701,800,884,1684,232,393,625,83,239,322,19,66,85
2021-07-28,17745,20421,38166,15261,17147,32408,1266,1479,2745,719,1017,1736,312,460,772,128,170,298,34,83,117,16,46,62,9,19,28
2021-07-29,18965,18199,37164,15168,14238,29406,1996,1875,3871,1065,1226,2291,483,522,1005,166,174,340,64,76,140,16,51,67,7,37,44
2021-07-30,16564,16346,32910,5781,5330,11111,6060,5877,11937,3356,3456,6812,1043,1162,2205,228,281,509,58,142,200,34,57,91,4,41,45
2021-07-31,14469,11198,25667,1621,1716,3337,7677,6620,14297,4274,2015,6289,627,491,1118,195,187,382,49,78,127,20,61,81,6,30,36
2021-08-01,6339,7739,14078,1419,1888,3307,2816,3489,6305,1376,1422,2798,478,541,1019,184,231,415,47,95,142,16,49,65,3,24,27
2021-08-02,18599,18049,36648,2957,3332,6289,11131,9858,20989,3578,3700,7278,682,749,1431,172,230,402,57,104,161,16,56,72,6,20,26
2021-08-03,16389,15310,31699,8026,7306,15332,2959,2681,5640,2576,2184,4760,2469,2699,5168,282,273,555,55,87,142,15,56,71,7,24,31
2021-08-04,12920,15209,28129,1972,2543,4515,2730,2856,5586,1606,2001,3607,6336,7416,13752,185,234,419,68,94,162,20,47,67,3,18,21
2021-08-05,9148,8932,18080,3703,3475,7178,3597,3392,6989,1265,1283,2548,421,496,917,124,154,278,27,84,111,10,30,40,1,18,19
2021-08-06,4429,5349,9778,664,781,1445,862,779,1641,367,348,715,205,243,448,1108,1470,2578,1192,1655,2847,27,57,84,4,16,20
2021-08-07,10221,14362,24583,1092,896,1988,57,64,121,43,62,105,57,57,114,1299,1870,3169,7569,11191,18760,89,176,265,15,46,61
2021-08-08,9044,12898,21942,4,15,19,10,17,27,9,14,23,28,59,87,5270,7221,12491,3598,5324,8922,108,210,318,17,38,55
2021-08-09,14249,19622,33871,136,158,294,211,214,425,171,234,405,1044,1527,2571,10591,14562,25153,1991,2666,4657,93,217,310,12,44,56
2021-08-10,14333,18947,33280,351,417,768,495,520,1015,1176,833,2009,1346,1799,3145,7267,9795,17062,3558,5288,8846,120,242,362,20,53,73
2021-08-11,14971,16597,31568,1317,1115,2432,287,447,734,302,426,728,2412,2619,5031,8827,9071,17898,1683,2635,4318,127,230,357,16,54,70
2021-08-12,9628,12885,22513,381,427,808,254,287,541,228,272,500,1805,2265,4070,3720,4301,8021,3096,4975,8071,118,292,410,26,66,92
2021-08-13,13004,18085,31089,115,128,243,186,181,367,147,191,338,373,449,822,5571,6933,12504,6268,9302,15570,296,720,1016,48,181,229
2021-08-14,8371,12651,21022,85,132,217,148,216,364,159,309,468,1591,2171,3762,5513,8137,13650,775,1385,2160,82,242,324,18,59,77
2021-08-15,11606,12577,24183,464,556,1020,791,963,1754,1409,1416,2825,6725,7012,13737,1692,1621,3313,430,749,1179,77,192,269,18,68,86
2021-08-16,9297,11793,21090,1407,1570,2977,1130,1243,2373,2484,2916,5400,1886,2329,4215,1083,1391,2474,1150,1908,3058,130,342,472,27,94,121
2021-08-17,16120,13980,30100,7541,6632,14173,6235,5441,11676,1371,1205,2576,784,413,1197,139,178,317,31,65,96,14,40,54,5,6,11
2021-08-18,11446,12294,23740,4848,4592,9440,1413,1744,3157,1196,1368,2564,1751,1867,3618,1697,1700,3397,467,820,1287,65,160,225,9,43,52
2021-08-19,5985,6200,12185,2413,2290,4703,810,791,1601,472,581,1053,1445,1392,2837,578,651,1229,227,400,627,35,74,109,5,21,26
2021-08-20,13217,12306,25523,2495,2557,5052,1514,1140,2654,1206,991,2197,7712,7165,14877,200,241,441,68,149,217,19,51,70,3,12,15
2021-08-21,9359,12131,21490,1585,2115,3700,2263,3338,5601,2189,2936,5125,2837,3090,5927,375,414,789,85,149,234,20,67,87,5,22,27
2021-08-22,9883,11183,21066,1533,1937,3470,5241,5474,10715,1729,2101,3830,952,1115,2067,345,417,762,67,108,175,14,29,43,2,2,4
2021-08-23,17301,15665,32966,7343,6926,14269,7707,6286,13993,1315,1337,2652,675,712,1387,202,250,452,45,98,143,13,38,51,1,18,19
2021-08-24,12442,13193,25635,8979,9236,18215,1911,1802,3713,800,948,1748,539,762,1301,166,273,439,36,108,144,7,46,53,4,18,22
2021-08-25,15703,15781,31484,2352,2397,4749,1166,1536,2702,6762,6396,13158,4883,4730,9613,404,462,866,102,151,253,29,80,109,5,29,34
2021-08-26,15071,17582,32653,1902,2479,4381,917,1302,2219,576,829,1405,3730,3663,7393,6674,6844,13518,1100,1936,3036,139,421,560,33,108,141
2021-08-27,18431,17996,36427,10927,10805,21732,3383,2747,6130,1007,1022,2029,2425,2494,4919,543,645,1188,113,189,302,28,68,96,5,26,31
2021-08-28,11051,13298,24349,8173,10465,18638,1644,1439,3083,774,718,1492,333,439,772,83,113,196,35,89,124,7,29,36,2,6,8
2021-08-29,11452,12793,24245,972,1265,2237,550,703,1253,2019,2105,4124,7423,8010,15433,319,409,728,117,230,347,47,58,105,5,13,18
2021-08-30,15975,16748,32723,4031,3675,7706,2357,2306,4663,3171,2976,6147,3902,3948,7850,1643,2110,3753,742,1298,2040,116,345,461,13,90,103
2021-08-31,15587,17282,32869,11134,12692,23826,1995,1812,3807,1571,1628,3199,628,707,1335,172,255,427,65,114,179,17,55,72,5,19,24
2021-09-01,16011,17099,33110,14434,14365,28799,597,650,1247,377,511,888,266,473,739,234,732,966,88,287,375,14,70,84,1,11,12
2021-09-02,15945,19032,34977,9709,9723,19432,1538,2363,3901,2653,3843,6496,1513,2317,3830,357,497,854,152,211,363,20,69,89,3,9,12
2021-09-03,14650,17164,31814,6080,6122,12202,1628,1740,3368,4314,5738,10052,1612,2141,3753,822,1047,1869,162,280,442,29,72,101,3,24,27
2021-09-04,12145,12044,24189,3295,3306,6601,3436,3174,6610,4728,4763,9491,527,531,1058,114,164,278,38,70,108,6,32,38,1,4,5
2021-09-05,12248,12119,24367,1260,1338,2598,2418,2303,4721,7642,7515,15157,761,729,1490,123,173,296,38,38,76,5,17,22,1,6,7
2021-09-06,16259,15986,32245,1581,1491,3072,663,749,1412,10866,10769,21635,2613,2255,4868,415,504,919,93,143,236,20,62,82,8,13,21
2021-09-07,18128,20136,38264,957,1367,2324,1670,2515,4185,8121,7616,15737,3656,3813,7469,2944,3432,6376,660,1024,1684,94,303,397,26,66,92
2021-09-08,10435,10474,20909,2486,2175,4661,2658,2496,5154,3008,3120,6128,1456,1584,3040,620,662,1282,166,277,443,36,122,158,5,38,43
2021-09-09,15143,14969,30112,2452,2597,5049,9195,8407,17602,2169,2367,4536,1050,1165,2215,214,262,476,47,92,139,13,67,80,3,12,15
2021-09-10,5012,5391,10403,2262,2161,4423,775,952,1727,381,416,797,1189,1303,2492,328,401,729,59,119,178,16,35,51,2,4,6
2021-09-11,3382,3256,6638,680,685,1365,1659,1393,3052,257,296,553,684,753,1437,73,79,152,27,32,59,2,15,17,0,3,3
2021-09-12,859,975,1834,217,280,497,344,332,676,185,216,401,90,112,202,18,20,38,5,12,17,0,2,2,0,1,1
2021-09-13,7389,7266,14655,4361,4518,8879,2637,2308,4945,205,223,428,115,121,236,39,37,76,18,23,41,8,25,33,6,11,17
2021-09-14,6437,7561,13998,485,595,1080,410,467,877,389,448,837,4225,4506,8731,748,1243,1991,153,218,371,24,62,86,3,22,25
2021-09-15,17522,19853,37375,1134,1576,2710,1633,2299,3932,3378,3846,7224,8682,8817,17499,2376,2733,5109,231,407,638,70,136,206,18,39,57
2021-09-16,16618,18929,35547,2384,3395,5779,9584,10102,19686,2398,2578,4976,1357,1662,3019,722,829,1551,129,247,376,36,94,130,8,22,30
2021-09-17,13981,14192,28173,8417,8570,16987,3135,2913,6048,1302,1332,2634,794,866,1660,229,301,530,78,126,204,21,66,87,5,18,23
2021-09-18,12203,13169,25372,8600,8969,17569,2119,2203,4322,910,1137,2047,450,598,1048,96,171,267,18,59,77,8,27,35,2,5,7
2021-09-19,9157,9300,18457,5294,5070,10364,2120,2140,4260,1034,1138,2172,510,556,1066,130,185,315,52,134,186,16,62,78,1,15,16
2021-09-20,7173,6896,14069,3438,3307,6745,2197,1861,4058,851,907,1758,426,451,877,171,201,372,77,123,200,10,38,48,3,8,11
2021-09-21,12348,11496,23844,10008,9269,19277,1349,1078,2427,549,542,1091,289,346,635,108,167,275,31,60,91,11,23,34,3,11,14
2021-09-22,8588,7780,16368,5520,4851,10371,1996,1623,3619,573,589,1162,291,360,651,128,166,294,60,126,186,16,43,59,4,22,26
2021-09-23,5792,5914,11706,3939,4046,7985,1069,953,2022,445,461,906,231,267,498,56,96,152,41,54,95,11,29,40,0,8,8
2021-09-24,5728,5888,11616,2956,3039,5995,1221,1215,2436,979,930,1909,420,438,858,102,143,245,38,70,108,10,37,47,2,16,18
2021-09-25,3671,3067,6738,1128,933,2061,1324,839,2163,570,611,1181,500,536,1036,123,107,230,17,27,44,8,11,19,1,3,4
2021-09-26,12253,11169,23422,676,757,1433,1612,1656,3268,5061,4432,9493,4524,3811,8335,313,366,679,53,80,133,12,57,69,2,10,12
2021-09-27,11851,10938,22789,1847,2215,4062,5416,4719,10135,3156,2642,5798,1177,956,2133,186,246,432,46,86,132,22,54,76,1,20,21
2021-09-28,13946,13868,27814,966,928,1894,9655,8225,17880,1235,1403,2638,793,937,1730,547,759,1306,596,1111,1707,138,408,546,16,97,113
2021-09-29,8710,8559,17269,2551,2744,5295,4402,3789,8191,867,875,1742,544,554,1098,199,242,441,112,223,335,35,104,139,0,28,28
2021-09-30,8518,9834,18352,5328,5722,11050,1111,1373,2484,1051,967,2018,733,1067,1800,226,472,698,54,161,215,14,62,76,1,10,11
2021-10-01,5642,5571,11213,2914,3010,5924,1250,1230,2480,843,705,1548,485,413,898,116,126,242,29,52,81,5,29,34,0,6,6
2021-10-02,2830,2774,5604,1172,1208,2380,835,716,1551,484,468,952,239,210,449,70,92,162,20,48,68,9,25,34,1,7,8
2021-10-03,3155,2737,5892,1491,1299,2790,996,741,1737,407,351,758,155,175,330,80,103,183,18,45,63,7,20,27,1,3,4
2021-10-04,5617,5401,11018,2467,2296,4763,1818,1538,3356,708,710,1418,397,456,853,158,253,411,52,93,145,13,41,54,4,14,18
2021-10-05,3395,3318,6713,1374,1403,2777,942,812,1754,588,559,1147,352,372,724,105,107,212,23,33,56,8,24,32,3,8,11
2021-10-06,7052,7189,14241,5502,5726,11228,716,600,1316,452,423,875,251,258,509,87,106,193,30,36,66,11,27,38,3,13,16
2021-10-07,3031,2979,6010,1302,1142,2444,845,778,1623,405,436,841,324,377,701,122,160,282,26,54,80,3,25,28,4,7,11
2021-10-08,10598,10368,20966,650,893,1543,6135,5444,11579,1203,1291,2494,1381,1457,2838,1163,1149,2312,49,87,136,16,41,57,1,6,7
2021-10-09,9727,9532,19259,593,708,1301,4445,3928,8373,1217,1226,2443,2259,2334,4593,1159,1204,2363,42,92,134,12,33,45,0,7,7
2021-10-10,6962,7111,14073,430,611,1041,3567,3296,6863,780,883,1663,1331,1346,2677,819,887,1706,24,59,83,10,23,33,1,6,7
2021-10-11,4515,4420,8935,2507,2345,4852,1056,1028,2084,555,516,1071,269,299,568,83,122,205,35,66,101,10,40,50,0,4,4
2021-10-12,10802,10091,20893,6691,6002,12693,1379,1296,2675,1282,1319,2601,940,938,1878,429,416,845,66,86,152,14,27,41,1,7,8
2021-10-13,16380,17286,33666,14998,15678,30676,426,463,889,432,459,891,350,433,783,141,175,316,18,36,54,12,24,36,3,18,21
2021-10-14,12818,12776,25594,9575,9315,18890,1628,1648,3276,845,869,1714,505,591,1096,191,219,410,55,78,133,15,45,60,4,11,15
2021-10-15,12869,12432,25301,7443,6696,14139,3190,3001,6191,1315,1364,2679,624,819,1443,214,377,591,65,116,181,16,44,60,2,15,17
2021-10-16,8713,8875,17588,6343,6244,12587,1294,1317,2611,622,731,1353,303,345,648,114,145,259,30,61,91,7,23,30,0,9,9
2021-10-17,3019,3484,6503,2068,2203,4271,411,525,936,261,330,591,181,246,427,75,111,186,19,45,64,3,20,23,1,4,5
2021-10-18,12122,11704,23826,9679,9416,19095,989,850,1839,825,703,1528,476,464,940,129,193,322,19,42,61,5,23,28,0,13,13
2021-10-19,9186,8798,17984,5758,5531,11289,1543,1338,2881,1020,981,2001,529,548,1077,291,317,608,33,56,89,11,18,29,1,9,10
2021-10-20,8770,8413,17183,6939,6701,13640,831,717,1548,579,533,1112,283,276,559,107,114,221,21,45,66,7,21,28,3,6,9
2021-10-21,10654,11058,21712,8415,8907,17322,1043,895,1938,579,533,1112,362,361,723,192,225,417,35,64,99,26,49,75,2,24,26
2021-10-22,13636,14382,28018,10772,11155,21927,1362,1369,2731,676,799,1475,583,641,1224,188,261,449,43,94,137,12,54,66,0,9,9
2021-10-23,8501,8601,17102,7270,7360,14630,676,660,1336,257,281,538,173,162,335,89,82,171,23,34,57,10,17,27,3,5,8
2021-10-24,8906,8871,17777,8450,8367,16817,188,198,386,125,138,263,77,80,157,46,57,103,14,21,35,4,7,11,2,3,5
2021-10-25,9760,10092,19852,7856,7718,15574,846,865,1711,588,685,1273,297,410,707,113,227,340,44,119,163,13,56,69,3,12,15
